Sample ID,dim_0,dim_1,dim_2,dim_3,dim_4,dim_5,dim_6,dim_7,dim_8,dim_9,dim_10,dim_11,dim_12,dim_13,dim_14,dim_15,dim_16,dim_17,dim_18,dim_19,dim_20,dim_21,dim_22,dim_23,dim_24,dim_25,dim_26,dim_27,dim_28,dim_29,dim_30,dim_31,dim_32,dim_33,dim_34,dim_35,dim_36,dim_37,dim_38,dim_39,dim_40,dim_41,dim_42,dim_43,dim_44,dim_45,dim_46,dim_47,dim_48,dim_49,dim_50,dim_51,dim_52,dim_53,dim_54,dim_55,dim_56,dim_57,dim_58,dim_59,dim_60,dim_61,dim_62,dim_63
TCGA-55-8619-01,10.199267,3.2407181,5.457285,5.242204,4.945734,5.2029195,5.853283,7.353593,4.589605,5.0078964,5.740823,4.2747774,4.0843153,5.416304,3.6207666,4.322863,5.812467,6.155109,5.9326024,5.4700284,3.9203339,7.1491566,4.169301,5.600363,4.936393,5.5634108,4.4819126,4.706439,5.1027575,4.668071,4.520992,6.1087384,5.1632285,4.3796406,4.4565644,6.1429863,5.08299,2.6230853,4.2636037,5.263265,5.3849897,5.513582,5.637788,5.3601956,5.299004,3.3254945,5.6053843,4.1759825,5.127423,5.96378,4.2190137,4.784521,5.256394,3.2099423,4.025776,3.6889744,4.6171126,5.594364,3.7054207,4.6555405,6.0030446,5.223931,5.2748833,3.561804
TCGA-91-6836-01,1.6635997,6.5024147,5.5632825,5.819256,3.4372292,4.1835175,6.106706,6.504925,5.3521357,5.4217114,4.755764,5.181566,5.639732,5.615325,4.4319115,4.9666586,5.80548,5.9897704,4.5998926,4.019763,3.580148,6.589796,3.2584965,4.374229,4.391373,6.2580433,4.8359027,4.0643024,4.5227513,4.5770135,4.889585,6.592507,5.210364,4.659773,4.3289895,5.1650066,4.2526674,2.3386285,4.777445,4.66777,5.628097,4.293869,5.0692325,4.8785048,6.492147,1.9020116,5.9079237,3.6686652,5.488226,6.094095,4.29764,3.8605924,4.437763,4.977671,4.300161,5.705955,4.7193832,5.910648,4.132585,5.0047235,5.795185,3.2267668,4.568363,3.7503667
TCGA-44-5645-01,9.997409,3.5555818,5.427715,5.2663755,4.8340373,5.1916795,5.8951817,7.293381,4.6917667,5.1060305,5.6200323,4.4070926,4.221188,5.3213573,3.6847882,4.2848945,5.696802,6.0682635,5.8245816,5.493538,3.8788116,7.1500373,4.012584,5.530098,4.986474,5.608935,4.4045677,4.5347114,5.0842595,4.645471,4.4356794,6.185406,5.299846,4.4030404,4.4730754,6.0917907,5.08183,2.6081326,4.3159814,5.2277846,5.3576093,5.575386,5.5855722,5.2496333,5.2434087,3.3375623,5.6282735,4.0547843,5.1330147,5.979019,4.1869197,4.7142105,5.1475654,3.3824155,4.03086,3.775728,4.604445,5.6238627,3.7078953,4.6301584,5.990622,5.074815,5.2496243,3.5740016
TCGA-MP-A4TF-01,2.1397924,6.346498,5.634728,5.8171926,3.5393486,4.240332,6.005415,6.604916,5.33022,5.3848166,4.757953,5.127242,5.482033,5.615746,4.419274,4.942464,5.788767,6.0421515,4.680832,4.120913,3.5510893,6.6616726,3.2782433,4.3709164,4.392805,6.189186,4.823988,4.005548,4.529694,4.573118,4.878112,6.5841503,5.1877227,4.6175823,4.297802,5.1919475,4.322636,2.3130867,4.80003,4.6948733,5.6710863,4.373344,5.0658164,4.883393,6.336785,1.9489865,5.9128113,3.6583483,5.4661484,6.0501685,4.239587,3.839173,4.434021,4.923854,4.280439,5.5975327,4.7483315,5.8937297,4.1054087,4.9689307,5.793911,3.327774,4.6156282,3.7646456
TCGA-86-8055-01,9.969926,3.5119395,5.4149885,5.238134,4.7760987,5.2122126,5.93967,7.2604985,4.7318854,5.145668,5.6242485,4.4256883,4.2741723,5.3062625,3.6367006,4.256578,5.700378,6.1663914,5.853124,5.548851,3.8620737,7.155643,4.0170975,5.6180882,4.944786,5.6380696,4.406157,4.5967917,5.12295,4.670181,4.428835,6.1582737,5.321167,4.401781,4.5036173,6.0650005,5.0655184,2.600017,4.2692094,5.2366395,5.338163,5.598428,5.608908,5.228548,5.222208,3.349606,5.641697,4.027175,5.092461,5.9823484,4.1648335,4.6865797,5.1305256,3.4222329,4.045179,3.738748,4.5713353,5.6146865,3.7628975,4.6279464,5.9212112,5.046852,5.265144,3.5281997
TCGA-49-6761-01,3.5975285,6.183017,5.599555,5.790328,3.7535963,4.4168634,6.002319,6.6555243,5.13698,5.3636703,5.0040345,5.072662,5.1110134,5.580979,4.208307,4.804005,5.761396,6.1404114,4.8575425,4.390997,3.5141644,6.781724,3.3340566,4.529356,4.4813704,6.1287594,4.669539,4.1275444,4.6912513,4.6295137,4.8360915,6.553627,5.2731724,4.458938,4.304314,5.3770857,4.4764366,2.3735507,4.7233725,4.7651405,5.596559,4.6129055,5.1140785,4.9124846,6.0519295,2.2314322,5.7544274,3.6552832,5.3767395,6.001088,4.1395164,3.884448,4.5204625,4.6940093,4.341629,5.3945456,4.7932625,5.9431996,4.041783,4.897043,5.769333,3.5530562,4.7658477,3.8626873
TCGA-73-7498-01,7.8318377,4.4498796,5.3999214,5.480073,4.3904524,5.026052,6.1486597,6.9514513,4.952679,5.4819446,5.506868,4.7638354,4.6079674,5.165461,3.7558682,4.407901,5.674276,6.1312594,5.480889,5.323818,3.7241852,6.9848986,3.5942976,5.347155,4.7679324,5.990279,4.45454,4.388264,5.124766,4.7187924,4.531363,6.337721,5.408418,4.3188157,4.552137,5.8496714,4.7770424,2.5258412,4.5482736,4.898127,5.3406887,5.3446193,5.5148983,5.0831165,5.4285183,3.0525827,5.696009,3.9005642,5.000384,6.1731462,4.0909834,4.3724456,4.892008,3.947025,4.1097713,4.245486,4.6020684,5.82867,3.878447,4.7103186,5.740675,4.4862556,5.16917,3.614063
TCGA-97-A4M0-01,2.557293,6.275754,5.705897,5.77515,3.6206071,4.232487,6.010569,6.661221,5.245092,5.363744,4.830173,5.1588054,5.4555316,5.6702175,4.393397,4.8409514,5.7741947,5.9777083,4.6498384,4.1835737,3.5828676,6.6690946,3.2930057,4.353319,4.425361,6.082436,4.8180356,4.039516,4.57144,4.579898,4.8508973,6.6661816,5.2385826,4.4768963,4.2795296,5.2017946,4.333881,2.34576,4.839251,4.734677,5.585264,4.523176,5.0842586,4.975503,6.307369,2.040736,5.9002633,3.6693175,5.415602,6.077782,4.2013073,3.8401325,4.4323425,4.8667574,4.2761645,5.5448813,4.760147,5.911404,4.071415,4.911168,5.835115,3.4653244,4.6651063,3.8028088
TCGA-44-A47G-01,8.775399,3.9885807,5.393058,5.402312,4.5299644,5.147825,6.107797,7.0688133,4.882351,5.401915,5.637924,4.654055,4.5195074,5.1646843,3.6891582,4.3696356,5.716035,6.0801196,5.5957575,5.4276543,3.7792745,7.0384326,3.7100956,5.4994273,4.8350315,5.919519,4.44783,4.464384,5.138118,4.68719,4.4673905,6.2761683,5.361876,4.324789,4.5483394,5.986217,4.8237762,2.5346708,4.4970007,4.9869256,5.2856765,5.425149,5.591618,5.151887,5.333666,3.1680534,5.6277866,3.9927735,4.9827566,6.1761694,4.1241317,4.486726,5.0013566,3.7623186,4.044612,4.0742702,4.5389104,5.754689,3.8578105,4.7043605,5.7758374,4.707402,5.209956,3.5598254
TCGA-55-8207-01,3.4404416,6.1366158,5.6496873,5.821501,3.7790327,4.390688,6.030259,6.6722336,5.1203947,5.3674564,5.0136075,5.1019397,5.099716,5.627337,4.2226768,4.835668,5.786725,6.101006,4.800348,4.3866405,3.5088372,6.7715926,3.3475046,4.488765,4.4890037,6.108778,4.6898904,4.1171827,4.7120852,4.6225443,4.8550997,6.598932,5.255604,4.4497457,4.306279,5.376219,4.4686933,2.3562157,4.801399,4.7559643,5.58799,4.5917225,5.1286483,4.9474883,6.0610423,2.2000582,5.760813,3.6849585,5.3380218,6.0344825,4.1285086,3.8880553,4.513484,4.711188,4.3094497,5.4657435,4.811899,5.956046,4.0357122,4.9119744,5.777808,3.5704875,4.7633843,3.8942678
TCGA-71-6725-01,9.564605,3.699521,5.421296,5.2788067,4.639902,5.2273703,6.0382466,7.1283774,4.861956,5.2604227,5.618133,4.549465,4.4168153,5.1737595,3.6016786,4.2730794,5.7240887,6.253917,5.7604823,5.5141587,3.7796373,7.1517735,3.9217966,5.6493216,4.8484006,5.754662,4.4036713,4.559148,5.1545143,4.7224574,4.4775696,6.2009997,5.35106,4.3625283,4.572406,5.986718,4.955512,2.5595174,4.3159013,5.1608133,5.3260736,5.5395355,5.580289,5.168472,5.274049,3.2502737,5.656776,3.9504058,5.010631,6.0483737,4.1126647,4.586226,5.074,3.5616693,4.04775,3.7902875,4.558558,5.6501727,3.7831335,4.666535,5.7983146,4.931794,5.245212,3.4889054
TCGA-L9-A444-01,1.3438199,6.4696093,5.5844073,5.8461742,3.3946824,4.1660066,6.1050835,6.516896,5.408105,5.4139905,4.7433996,5.1660724,5.731828,5.6450944,4.491445,5.0001373,5.8088493,5.970412,4.5938244,3.9890897,3.569094,6.550868,3.247686,4.345784,4.3556833,6.272912,4.8555775,4.0369053,4.4604416,4.567262,4.9116125,6.6120195,5.2196336,4.6675262,4.308998,5.117227,4.2318797,2.3158045,4.7846766,4.6663857,5.663962,4.2505236,5.0325346,4.862752,6.582524,1.8585403,5.9691205,3.6922262,5.5172806,6.073554,4.289805,3.8281934,4.407321,5.068209,4.312868,5.7202277,4.7449913,5.8965006,4.1298823,5.0462604,5.7568207,3.2024088,4.535802,3.690145
TCGA-55-7903-01,6.127469,5.2332373,5.515336,5.634521,4.206057,4.794199,6.0611567,6.8852115,4.9467525,5.437055,5.2801967,4.8876743,4.6958675,5.3169622,3.9257343,4.574869,5.704551,6.1284523,5.2530937,5.018275,3.6131942,6.912083,3.4855807,5.023803,4.6935587,5.9778647,4.471777,4.282515,5.0264587,4.667199,4.645036,6.3860383,5.3227153,4.3236623,4.418372,5.7410007,4.750362,2.4703467,4.650261,4.847928,5.4290442,5.084382,5.355811,5.007265,5.529063,2.8149064,5.703323,3.7679508,5.134538,6.0897775,4.092003,4.17815,4.730701,4.1526265,4.2503357,4.6429663,4.752352,5.9273124,3.895444,4.745662,5.767736,4.141802,5.0433474,3.7820072
TCGA-44-7670-01,0.46908727,6.819421,5.5444694,5.7107983,3.3616464,4.079109,6.559399,6.641929,5.3322453,5.483686,4.7174287,5.262973,5.754838,5.6060195,4.4025254,5.0814314,6.12295,5.747615,4.292886,3.9009774,3.8189607,6.3429255,3.2761543,4.4766417,4.717276,6.1314874,4.923526,4.178733,4.5693774,4.3495445,5.2286363,6.7627797,5.1281514,4.722642,4.4968963,5.1850667,4.093118,2.428564,4.870922,4.462635,5.3490906,4.4515862,5.3007693,5.0185895,6.736873,2.1020343,5.7501707,3.8887756,5.461934,6.360926,4.510821,3.8989854,4.3195167,4.9029803,4.2734194,5.869165,4.416773,5.8865747,4.3905077,4.9675207,5.8646493,3.2411015,4.5608525,3.823694
TCGA-55-8299-01,4.7820053,5.773654,5.601514,5.7722816,4.01432,4.5575676,6.0644417,6.7680836,5.0347147,5.404445,5.0653434,5.0153236,4.87169,5.504757,4.122827,4.801172,5.7410755,6.135506,5.015192,4.639412,3.5392559,6.812315,3.4124722,4.722116,4.5422206,6.0144763,4.5957246,4.1797547,4.8441114,4.6498423,4.8655186,6.49666,5.286718,4.4247627,4.3445663,5.555193,4.5758114,2.3955367,4.7444706,4.778891,5.533794,4.7944994,5.200602,4.959707,5.844615,2.5100267,5.7111177,3.6961653,5.256456,6.070045,4.1047983,3.9670737,4.5397263,4.4916363,4.300602,5.080547,4.8000636,5.966516,4.0078,4.8195004,5.7828035,3.8230398,4.884254,3.8454409
TCGA-55-8096-01,6.73302,5.002079,5.482794,5.6103144,4.2298517,4.8783116,6.134246,6.889937,4.940317,5.452325,5.301386,4.8861094,4.6976347,5.216695,3.8884583,4.5075192,5.639268,6.1182227,5.312698,5.126489,3.6393476,6.9512577,3.5075881,5.1123796,4.7140512,5.9793744,4.42379,4.294671,5.078848,4.6964536,4.626573,6.385118,5.3846707,4.2785187,4.429945,5.7712426,4.771517,2.4631639,4.6441903,4.8616323,5.3849106,5.1989007,5.3927717,5.019668,5.4729805,2.9078276,5.704029,3.7806072,5.0642214,6.139804,4.089067,4.2544165,4.787352,4.083405,4.194067,4.48511,4.7003727,5.906953,3.8543472,4.698658,5.741991,4.229503,5.0754013,3.7133045
TCGA-78-7149-01,6.268757,5.217282,5.502464,5.6534758,4.183333,4.8122654,6.089681,6.882188,4.9484863,5.44181,5.283566,4.8921547,4.722426,5.291987,3.923743,4.5915804,5.685842,6.1203,5.24657,5.016987,3.639087,6.909785,3.4985077,5.026863,4.697706,5.9908404,4.4641294,4.269686,5.0385647,4.6735888,4.638031,6.376963,5.3168416,4.3395367,4.414789,5.7405186,4.7613587,2.4535642,4.6728673,4.8446603,5.4339404,5.083063,5.371772,4.9904904,5.5216026,2.795809,5.725662,3.7558396,5.129397,6.1125927,4.1169486,4.197747,4.743865,4.1641707,4.2282004,4.6283855,4.7385764,5.9292397,3.9010005,4.72295,5.76684,4.1370606,5.0297775,3.7692132
TCGA-99-8033-01,5.473121,5.498869,5.521091,5.7086067,4.0665545,4.6711283,6.102126,6.7781343,5.044888,5.4260015,5.1111293,4.954258,4.896001,5.328505,4.004886,4.706423,5.6905584,6.1161375,5.1301613,4.7988706,3.569107,6.9116163,3.4462943,4.8891068,4.6081395,6.0088153,4.5361514,4.2433205,4.8859057,4.682846,4.762361,6.417889,5.331938,4.3808537,4.3936934,5.634555,4.6016297,2.444774,4.656455,4.800451,5.490224,4.9779124,5.2687125,4.966169,5.6968327,2.6181614,5.657228,3.7760892,5.1858506,6.0878634,4.1137156,4.0613503,4.6361413,4.3414536,4.257213,4.866519,4.7352815,5.925297,3.979711,4.7820926,5.7496276,3.9901588,4.9636316,3.7478917
TCGA-49-6744-01,4.391152,5.958404,5.671269,5.709653,3.914349,4.528313,6.0574875,6.7654924,5.032175,5.387353,5.090732,5.105729,4.9539914,5.5445952,4.1532803,4.730313,5.781332,6.0711937,4.901932,4.6169906,3.5334384,6.770119,3.4044697,4.65527,4.5576077,6.0555387,4.616483,4.1718717,4.847489,4.5973477,4.8000917,6.5723734,5.2699847,4.4020805,4.303555,5.512681,4.567774,2.3661559,4.7974033,4.82791,5.478021,4.76249,5.216652,5.023783,5.842276,2.4506164,5.748529,3.6475005,5.276982,6.0585775,4.102418,3.9699984,4.5279403,4.5013156,4.297786,5.169024,4.7973886,5.949225,4.000044,4.8072224,5.785426,3.718942,4.8348246,3.8682745
TCGA-62-A46U-01,9.910823,3.5196407,5.3870497,5.299939,4.764097,5.267824,5.9152694,7.310837,4.664185,5.1795077,5.685173,4.42135,4.286219,5.318929,3.628329,4.293744,5.711959,6.140886,5.9047346,5.542487,3.8974414,7.1189203,3.9996216,5.619305,4.958658,5.6384153,4.355038,4.649665,5.1489844,4.6398325,4.467079,6.0997047,5.279677,4.3808784,4.458548,6.1508164,5.126461,2.5451534,4.32352,5.181327,5.3069663,5.570919,5.6111135,5.1885123,5.2223625,3.3660002,5.6694326,4.011459,5.1356587,5.9687586,4.193054,4.6609855,5.126584,3.3793204,4.0907693,3.7168126,4.592316,5.6473827,3.7789197,4.6242557,5.898282,5.0379105,5.248538,3.5335984
TCGA-99-8028-01,1.970559,6.3314347,5.616297,5.7834916,3.5093226,4.1964073,6.0507264,6.5796404,5.325996,5.394789,4.7511697,5.1414914,5.568007,5.637731,4.429445,4.936544,5.793487,6.0160837,4.6065044,4.0933423,3.5903673,6.6062665,3.2674367,4.37478,4.4258413,6.193015,4.8371406,4.106982,4.5157676,4.5430903,4.9173665,6.596503,5.218776,4.5988364,4.3266225,5.182619,4.283089,2.3476987,4.7585206,4.705431,5.6096225,4.381031,5.095843,4.9144807,6.4276214,1.9680057,5.890252,3.6791286,5.4603724,6.08994,4.2704663,3.8278527,4.426365,4.9335303,4.3226914,5.5797677,4.693062,5.8966546,4.156634,4.988281,5.8177876,3.324485,4.610697,3.7454193
TCGA-78-7159-01,3.2693255,6.21108,5.7610416,5.8068175,3.8257797,4.344726,6.041831,6.7137175,5.039646,5.3732095,4.984175,5.169463,5.192474,5.674566,4.2429624,4.847251,5.8200426,5.9897423,4.680333,4.4356737,3.5197787,6.69295,3.364234,4.442798,4.5029116,6.0272865,4.7397923,4.19808,4.7473106,4.5615664,4.9078293,6.6746206,5.268279,4.421028,4.265758,5.4096212,4.4260793,2.3557098,4.880758,4.7758875,5.522646,4.613159,5.1643157,5.0816436,6.037194,2.2493043,5.729137,3.6652076,5.2713675,6.092789,4.104446,3.8480463,4.439792,4.660324,4.32163,5.451514,4.778994,5.988228,4.0747957,4.8923917,5.80461,3.5760698,4.767173,3.9235764
TCGA-L9-A743-01,7.1059484,4.787228,5.449091,5.646453,4.264775,4.8870454,6.1991186,6.8546295,4.8924704,5.491421,5.344302,4.849984,4.637438,5.1520624,3.8171072,4.486668,5.6203394,6.175031,5.3939643,5.1769986,3.658346,6.9802866,3.5459893,5.1378326,4.654866,5.9867425,4.424677,4.3686705,5.1572366,4.80711,4.6558275,6.393018,5.4180927,4.221138,4.4532194,5.786414,4.7754655,2.4770896,4.643741,4.8263173,5.4763203,5.2193284,5.401321,5.0617633,5.388143,2.9413605,5.736344,3.8257694,4.945009,6.1656017,4.0581803,4.31309,4.8842025,4.0310793,4.140542,4.3793697,4.726686,5.9418054,3.8081686,4.6779075,5.679237,4.3346214,5.146613,3.729146
TCGA-05-4395-01,4.052308,6.1144905,5.689638,5.7143416,3.8072793,4.466636,6.033664,6.737944,5.0939364,5.3578157,4.9970984,5.131634,5.0669227,5.584498,4.250051,4.7551017,5.8008385,6.02755,4.850026,4.488397,3.5052626,6.7501326,3.3867407,4.5635324,4.5182214,6.1288257,4.6637464,4.1182895,4.7706895,4.580904,4.783712,6.612329,5.221876,4.466468,4.261555,5.4189324,4.534667,2.3316965,4.7987175,4.8494587,5.5333014,4.631822,5.1900024,4.9969544,5.9113994,2.3454437,5.782844,3.6056497,5.329756,6.003594,4.1326356,3.948775,4.5215487,4.5717254,4.27705,5.2825327,4.7790284,5.914665,4.018969,4.8288875,5.7812533,3.5789397,4.76777,3.8570216
TCGA-05-4434-01,9.70569,3.5272038,5.436718,5.277952,4.710612,5.237795,5.948321,7.235812,4.7651978,5.1931386,5.600431,4.490439,4.303854,5.289388,3.6282277,4.2671375,5.7035584,6.1706314,5.8405337,5.5359254,3.8271797,7.1365595,3.9405487,5.6064076,4.9254756,5.6878695,4.382115,4.572201,5.1248903,4.653877,4.455946,6.156003,5.303244,4.344063,4.4706345,6.0710382,5.0435104,2.5819564,4.3201504,5.2028923,5.2959046,5.553296,5.5948944,5.1948667,5.1859937,3.3478365,5.6390758,3.986517,5.057409,6.001439,4.133831,4.6113505,5.0856237,3.479432,4.0829163,3.7321315,4.599547,5.6523166,3.7874486,4.6401477,5.8762817,4.968754,5.26178,3.537714
TCGA-80-5608-01,2.640738,6.2276936,5.632868,5.8716207,3.6564744,4.295882,5.9491234,6.567293,5.225004,5.380867,4.801836,5.104637,5.3625484,5.6588693,4.34808,4.905406,5.702058,6.0802207,4.767444,4.1948185,3.5018597,6.7267056,3.265029,4.380532,4.373019,6.178636,4.7611613,4.0749817,4.5609183,4.6309514,4.869155,6.5756717,5.2515135,4.523837,4.262428,5.260169,4.3686366,2.3561862,4.7455177,4.761906,5.6871967,4.436309,5.040854,4.871465,6.1938844,2.0039499,5.827904,3.5986724,5.416253,6.0072894,4.165731,3.8006916,4.439554,4.9102383,4.3213415,5.5316963,4.8023853,5.95711,4.0748,4.9648194,5.806094,3.414201,4.6809216,3.8193247
TCGA-44-6777-01,2.590641,6.3180346,5.611168,5.7795606,3.6251955,4.309294,5.952972,6.6009107,5.270227,5.4560914,4.788176,5.1398745,5.3643374,5.5317597,4.338191,4.873085,5.7120857,6.074961,4.7368293,4.2218084,3.516967,6.696182,3.214415,4.451097,4.416688,6.1710873,4.7660685,4.034635,4.6072793,4.5827184,4.8451705,6.529645,5.2171474,4.5949674,4.331056,5.259719,4.3707056,2.3468935,4.7694707,4.727976,5.6517897,4.4755383,5.0764675,4.9014964,6.2095456,2.0284956,5.8519177,3.5903456,5.4277334,6.054203,4.18613,3.8303127,4.4174495,4.8267303,4.304773,5.460033,4.772957,5.9355035,4.079674,4.932934,5.810087,3.342827,4.67058,3.8069596
TCGA-50-7109-01,4.041374,6.018331,5.6698513,5.7758455,3.9107227,4.4560556,5.9980574,6.7250586,5.061442,5.347458,5.0054216,5.0697227,4.9983506,5.592547,4.1979637,4.790516,5.7394223,6.1146083,4.9141693,4.5441756,3.4760358,6.802145,3.3825517,4.5681043,4.4738717,6.0604286,4.6399426,4.1738005,4.7710123,4.6300263,4.8650274,6.542656,5.3001227,4.391414,4.270755,5.4711514,4.524473,2.3644881,4.769262,4.819264,5.553292,4.7182956,5.130998,5.0006056,5.940703,2.395858,5.731732,3.662753,5.3118477,6.009885,4.072406,3.8828552,4.478175,4.5754795,4.3603373,5.219412,4.855282,5.961499,4.004539,4.844169,5.766828,3.6852126,4.8165355,3.8448422
TCGA-17-Z015-01,1.5666885,6.5385704,5.5415387,5.794885,3.399009,4.1400914,6.059148,6.4755673,5.387081,5.441872,4.779259,5.188655,5.6523542,5.5983634,4.453996,4.965322,5.7800307,6.002214,4.5687046,3.9822974,3.5828784,6.587757,3.2368267,4.3539815,4.3542337,6.2682576,4.8636074,4.064725,4.4953547,4.5771704,4.835257,6.5535283,5.1882944,4.6795306,4.343556,5.111695,4.2382345,2.334716,4.7739506,4.6689577,5.671618,4.2427726,5.0633426,4.881155,6.524286,1.8402665,5.949785,3.686375,5.5128894,6.0880656,4.3073263,3.856652,4.4667964,5.012828,4.3059144,5.718272,4.7210956,5.897397,4.157269,5.0264497,5.7973585,3.180993,4.545191,3.7611055
TCGA-55-8205-01,1.5693108,6.5500965,5.5444293,5.832215,3.4012334,4.176418,6.0681996,6.453149,5.354791,5.4452524,4.8592043,5.1954184,5.646708,5.5951533,4.4321322,4.947331,5.777954,5.9904947,4.5969152,4.0343533,3.5639095,6.5820565,3.2510011,4.374418,4.3520503,6.2958403,4.8281326,4.0633764,4.551561,4.5995955,4.780056,6.5754786,5.2334957,4.676621,4.339568,5.141643,4.263958,2.3141139,4.8010197,4.6556163,5.6518006,4.260973,5.0483956,4.8844323,6.5427027,1.8519555,5.969744,3.6943307,5.4907336,6.0975113,4.296131,3.9033513,4.5005364,4.95297,4.2956915,5.7093744,4.7647367,5.9217677,4.0803657,5.041334,5.760502,3.1789975,4.5394835,3.7697153
TCGA-73-4676-01,8.409818,4.1453133,5.4256315,5.4216046,4.440729,5.086832,6.1333117,7.031174,4.928473,5.3907967,5.585645,4.710878,4.516936,5.1369743,3.7333622,4.348098,5.73478,6.1549253,5.572959,5.4029145,3.7126725,7.030545,3.6848903,5.4237266,4.8296785,5.934667,4.412352,4.387975,5.1613536,4.7058477,4.493374,6.339934,5.3904853,4.295867,4.5458236,5.9165926,4.845561,2.5037959,4.503113,4.961283,5.300619,5.396563,5.5344276,5.1072907,5.34012,3.1546352,5.663257,3.961057,4.978815,6.137618,4.1046295,4.4723735,4.987471,3.7780235,4.0769954,4.1162553,4.574953,5.7662277,3.8107524,4.7016745,5.7364116,4.6104255,5.1899467,3.590739
TCGA-44-8117-01,0.6984867,6.718,5.504283,5.7339897,3.3250017,4.0730653,6.3660607,6.536872,5.406758,5.469839,4.6997333,5.2458177,5.793414,5.5874567,4.4432774,5.0360093,5.974406,5.8973107,4.3955774,3.8970103,3.722029,6.4340935,3.249607,4.416104,4.554826,6.2078123,4.909254,4.147842,4.5329695,4.4452434,5.0818334,6.6472673,5.156534,4.730978,4.4541073,5.125069,4.1359115,2.394576,4.7962394,4.5349584,5.5023766,4.3066936,5.2040844,4.934571,6.7353673,1.9742391,5.844956,3.7864368,5.496896,6.238268,4.4568086,3.8848836,4.3856554,4.9728904,4.3034883,5.8261504,4.518425,5.8755913,4.3127713,5.0051575,5.829511,3.150552,4.5254607,3.7597256
TCGA-55-6979-01,1.1096439,6.4880176,5.5678988,5.827436,3.3577323,4.125087,6.195318,6.54426,5.393869,5.3940516,4.6890364,5.1559057,5.823933,5.676285,4.511603,5.0436344,5.848805,5.9135747,4.4834023,3.917671,3.662585,6.5103936,3.2602851,4.3386493,4.471326,6.239767,4.869105,4.1013174,4.423578,4.512544,5.011952,6.6455383,5.2312346,4.6451735,4.348326,5.129865,4.191157,2.3276837,4.765368,4.635702,5.5498137,4.3255363,5.0827436,4.860485,6.66533,1.8580798,5.9022593,3.761501,5.507118,6.1647677,4.368422,3.8296177,4.3912387,5.071,4.3243585,5.7571096,4.6464434,5.8830056,4.2111206,5.021821,5.840085,3.2507093,4.5378003,3.6847622
TCGA-50-5942-01,9.396991,3.7034526,5.4143806,5.2805953,4.6118374,5.219195,6.050312,7.0889864,4.915927,5.3210893,5.635682,4.586644,4.4916506,5.174758,3.6091063,4.2868795,5.758315,6.219048,5.709202,5.5153704,3.7589018,7.1195316,3.827454,5.617346,4.858949,5.856655,4.4259744,4.56695,5.1304708,4.712616,4.4655905,6.24083,5.376939,4.3452883,4.5908093,5.95624,4.885258,2.5548656,4.335864,5.114819,5.279305,5.511016,5.5917115,5.143306,5.29268,3.2391462,5.637841,3.97685,4.988736,6.08561,4.086543,4.5268154,5.0301566,3.6733243,4.0691514,3.8981388,4.5198445,5.6581006,3.8542328,4.7048216,5.7588167,4.8407726,5.2535586,3.4906108
TCGA-64-1676-01,1.1158379,6.496977,5.556793,5.8235273,3.3336852,4.136285,6.149913,6.470068,5.432946,5.4395733,4.68709,5.19402,5.8438845,5.6364264,4.504098,4.996904,5.809092,5.963691,4.5470786,3.9450924,3.6049771,6.492114,3.222584,4.358393,4.3775535,6.300469,4.8625426,4.0814586,4.4650407,4.5391183,4.9457855,6.6148357,5.243034,4.6855664,4.343056,5.1111054,4.189381,2.3378763,4.753145,4.645457,5.610366,4.253646,5.051951,4.8609385,6.674282,1.8480127,5.9669747,3.6698906,5.5224524,6.1184587,4.3426237,3.832419,4.3833594,5.0650725,4.331436,5.7055345,4.6853337,5.901785,4.1619077,5.0503573,5.7764525,3.1607347,4.5114536,3.6601644
TCGA-78-7162-01,8.822346,3.9854782,5.4532676,5.379793,4.592987,5.146003,6.0150504,7.1405473,4.8218985,5.2786374,5.5988173,4.6124682,4.423534,5.2485027,3.7166777,4.352021,5.754813,6.144456,5.661558,5.404906,3.7703292,7.050247,3.80685,5.4707456,4.867048,5.7921724,4.4035773,4.495035,5.132612,4.6554217,4.5062933,6.2477183,5.3084145,4.32483,4.476813,5.9837246,4.945159,2.520052,4.447297,5.0690207,5.298502,5.4077497,5.567508,5.151912,5.332861,3.2042506,5.6525784,3.959676,5.053926,6.066558,4.153383,4.5388517,5.0359416,3.6034067,4.086099,3.985285,4.5951385,5.716806,3.7944958,4.6967926,5.8191776,4.750448,5.180903,3.5792623
TCGA-62-A46P-01,3.9837775,6.083218,5.6803927,5.740578,3.8398035,4.4671164,6.0727115,6.7321053,5.064844,5.4071736,5.044054,5.1509066,5.016399,5.5686235,4.185562,4.74704,5.795963,6.065319,4.834433,4.5164294,3.5140898,6.74721,3.3539076,4.5869823,4.536365,6.079185,4.6489882,4.134755,4.8121467,4.595006,4.841424,6.6306715,5.257535,4.42152,4.3005247,5.4342313,4.5202947,2.3618603,4.8124223,4.798404,5.5192676,4.6968775,5.198111,5.004038,5.91492,2.3777077,5.743051,3.6188724,5.2821827,6.047297,4.1113544,3.9293513,4.5115805,4.5797844,4.2848496,5.292955,4.77346,5.9563885,4.0311823,4.8275294,5.773783,3.6129687,4.804177,3.9082446
TCGA-50-5941-01,2.4452798,6.307025,5.6176634,5.8418436,3.5981572,4.23962,6.010776,6.5717893,5.2524867,5.385083,4.791158,5.1361456,5.455289,5.659702,4.3850527,4.8980045,5.725424,6.029187,4.6848693,4.138621,3.5379474,6.6895914,3.2539637,4.3588233,4.4072204,6.1713552,4.7879605,4.0790296,4.548953,4.612379,4.8708124,6.6069307,5.251138,4.527632,4.28782,5.218533,4.3313046,2.360335,4.7753377,4.7351832,5.6489677,4.435697,5.0554156,4.894933,6.3260517,1.9912409,5.848646,3.6411602,5.4332547,6.044505,4.205225,3.8178713,4.4398613,4.929541,4.3156543,5.597122,4.7804174,5.9393544,4.0849023,4.9645405,5.81792,3.3758843,4.6519933,3.817702
TCGA-86-8673-01,1.64873,6.538012,5.5945888,5.8419337,3.4769495,4.2197213,6.1494627,6.60138,5.3004813,5.406868,4.823743,5.150744,5.526905,5.6146684,4.419357,5.008665,5.8666916,5.9381356,4.59037,4.048886,3.59458,6.6007495,3.279668,4.3878,4.4675026,6.211065,4.831078,4.0162554,4.519848,4.5476027,4.9328804,6.6420665,5.1866536,4.651312,4.3291802,5.193332,4.274466,2.3039865,4.8416905,4.6311097,5.6123047,4.37009,5.084169,4.8928137,6.4309325,1.9309319,5.866972,3.7545288,5.478986,6.1201434,4.2896395,3.8665721,4.4336586,4.953394,4.2636147,5.7582717,4.7238336,5.902146,4.131649,4.9890485,5.789247,3.2900543,4.5870934,3.8095152
TCGA-50-5055-01,10.1039,3.317451,5.448999,5.23283,4.9466143,5.2502604,5.833444,7.3449235,4.640064,5.050459,5.6648264,4.3107443,4.1719413,5.4140816,3.6338987,4.31395,5.757854,6.1141076,5.9064946,5.512225,3.90524,7.144842,4.0979404,5.635024,4.931412,5.5755515,4.4662004,4.678007,5.080386,4.619762,4.4633317,6.099182,5.208649,4.4244356,4.4442973,6.1398163,5.066859,2.6339736,4.264596,5.2790904,5.3420196,5.541427,5.646732,5.3237705,5.2629313,3.352512,5.5987024,4.0873723,5.1470227,5.959734,4.201418,4.7148285,5.156166,3.3045764,4.0426507,3.6785908,4.5919123,5.595703,3.766221,4.6512504,6.001231,5.1515145,5.2609434,3.536245
TCGA-73-4658-01,2.9366958,6.178202,5.592529,5.8592377,3.702216,4.270449,6.0583315,6.63271,5.211297,5.357406,4.8307467,5.0871787,5.3406563,5.611516,4.345862,4.849001,5.710703,6.0949984,4.8084292,4.264886,3.5253575,6.7377205,3.2960007,4.408281,4.410249,6.108806,4.7486553,4.1256847,4.611291,4.6523433,4.9075694,6.6105285,5.295828,4.4881954,4.2688527,5.252014,4.3860946,2.3682816,4.771977,4.7249813,5.6717396,4.5330057,5.0763564,4.9128976,6.2972174,2.1703486,5.827209,3.687878,5.3788414,5.9964485,4.176099,3.8515315,4.4890647,4.8290915,4.3355756,5.4787564,4.795644,5.924428,4.0552044,4.9159856,5.744515,3.4895222,4.705724,3.823981
TCGA-44-6779-01,8.115198,4.197279,5.4191146,5.442342,4.443669,5.0497427,6.131376,7.012452,4.934211,5.4153543,5.5677223,4.710126,4.51178,5.147215,3.7503154,4.3886886,5.7275643,6.1337705,5.547498,5.391329,3.7148232,7.0064654,3.639658,5.3933516,4.802766,5.981021,4.4565105,4.374353,5.1514754,4.7048435,4.4910436,6.3302956,5.3755465,4.3027472,4.536105,5.906056,4.7930493,2.5275466,4.5312967,4.9225154,5.3213735,5.3716674,5.539727,5.1185546,5.3302608,3.1468186,5.657165,3.9816136,4.9602623,6.170119,4.0963335,4.429994,4.9538236,3.8685868,4.088806,4.144912,4.5837765,5.794947,3.861425,4.695443,5.738537,4.540424,5.198412,3.6182625
TCGA-91-6828-01,3.6489892,6.067585,5.631958,5.832538,3.8396199,4.474732,6.056004,6.675478,5.0338717,5.374067,4.9636583,5.0707865,5.045386,5.585207,4.2082953,4.8991976,5.7899313,6.08961,4.837038,4.4398923,3.4958103,6.7853885,3.382893,4.562993,4.5344453,6.1365733,4.6456385,4.159823,4.732158,4.631157,4.8650002,6.5605984,5.2486677,4.476011,4.296192,5.4748945,4.503778,2.3691807,4.7421384,4.8051953,5.556292,4.6070256,5.140055,4.9192953,5.8537827,2.252914,5.6588364,3.668052,5.3308444,6.0541086,4.115861,3.8858,4.4942746,4.670648,4.310813,5.389708,4.8009624,5.981038,4.062703,4.8851557,5.8085585,3.5908017,4.8004827,3.9077044
TCGA-97-A4M7-01,3.355503,6.147099,5.6892586,5.8154573,3.8228066,4.341259,5.991992,6.6350937,5.076823,5.411131,4.916665,5.1467056,5.1529183,5.6481543,4.270429,4.817335,5.7186275,6.03129,4.776081,4.3816047,3.479852,6.7174525,3.2757683,4.457502,4.4284773,6.091179,4.7160063,4.162053,4.7060776,4.6193023,4.86854,6.6169987,5.279635,4.4177637,4.2640386,5.3627496,4.420237,2.4019015,4.8059807,4.809247,5.586717,4.584068,5.1060824,5.0187025,6.032646,2.2461596,5.759261,3.5888605,5.332809,6.049311,4.0878415,3.8195,4.4228415,4.7240033,4.3381476,5.4008017,4.8398213,6.0096493,4.02979,4.9112954,5.8044314,3.5333905,4.76705,3.9022238
TCGA-NJ-A4YG-01,6.5399957,5.057021,5.5134616,5.6051135,4.218454,4.853166,6.126314,6.8740325,4.975965,5.4458065,5.307372,4.920369,4.705536,5.2417917,3.9097383,4.517964,5.65556,6.138007,5.273134,5.0852604,3.6043975,6.9436226,3.5015395,5.082155,4.693441,5.9615326,4.4385023,4.276295,5.065632,4.7004943,4.6500297,6.422317,5.391675,4.3084693,4.4478636,5.736279,4.7508817,2.4480338,4.659131,4.87678,5.3856688,5.1608734,5.369446,5.0119805,5.5230565,2.8715386,5.71913,3.7645693,5.0690737,6.127083,4.0822787,4.2370253,4.770464,4.0996857,4.1820116,4.5337462,4.719269,5.896449,3.8526692,4.7183843,5.747543,4.2203903,5.056916,3.726662
TCGA-55-8621-01,9.104414,3.9448824,5.476149,5.370775,4.622921,5.1695194,5.9933133,7.1465364,4.827876,5.263983,5.6373253,4.6331253,4.43953,5.2533965,3.6889873,4.348368,5.7635517,6.1259823,5.6644797,5.3627295,3.7514772,7.0481935,3.7641478,5.504965,4.884469,5.7910886,4.3862557,4.4856405,5.105093,4.6387076,4.524111,6.282137,5.310028,4.309885,4.476876,6.002193,4.9056635,2.506336,4.443244,5.1098847,5.248285,5.376774,5.554402,5.1683497,5.3159504,3.2342954,5.591106,3.9562976,4.9981084,6.1069717,4.1208572,4.521496,5.0398417,3.6029701,4.0441966,3.9517841,4.6165605,5.718965,3.769175,4.718885,5.8244476,4.8454785,5.2071943,3.5815074
TCGA-05-4433-01,10.019126,3.612283,5.392727,5.248044,4.863774,5.250992,5.857371,7.3068614,4.691058,5.1247897,5.6086297,4.391605,4.2970414,5.322483,3.6650686,4.2940254,5.703948,6.1570377,5.8496556,5.528378,3.8965144,7.162517,4.0507736,5.645836,4.947879,5.5526457,4.383229,4.6594505,5.1129594,4.6582956,4.4540625,6.106282,5.30415,4.4543915,4.4893794,6.076016,5.1445546,2.5659873,4.243863,5.256727,5.3749037,5.6060796,5.5829554,5.1917176,5.2705593,3.3317695,5.7027283,3.9635336,5.193664,5.926984,4.1877975,4.6701612,5.1088333,3.4105828,4.088866,3.7029173,4.6033006,5.6064425,3.7672617,4.605765,5.9476757,5.0669456,5.239614,3.529065
TCGA-55-7726-01,7.564183,4.5289063,5.4563775,5.504345,4.3317375,4.999358,6.1624513,6.94004,4.964752,5.447131,5.439445,4.8244696,4.607607,5.1268926,3.8025608,4.3914986,5.6541224,6.1356363,5.4497633,5.2976437,3.667681,6.9959927,3.566368,5.2840137,4.7631936,5.9608803,4.4039965,4.325465,5.1454163,4.7319083,4.5434585,6.3833766,5.417381,4.254722,4.5098577,5.824228,4.8060875,2.4996672,4.584411,4.9075627,5.340909,5.3230257,5.475123,5.0535626,5.369629,3.0559175,5.70779,3.8701518,4.9652705,6.163571,4.086488,4.3905306,4.903407,3.948724,4.1026206,4.2452497,4.6426125,5.8416123,3.814636,4.6752267,5.7286634,4.4326024,5.157351,3.6440609
TCGA-44-A4SS-01,1.6727127,6.5120535,5.561149,5.81229,3.4634202,4.174097,6.0976596,6.540305,5.3492804,5.453055,4.7689586,5.1896677,5.5996413,5.6095667,4.460962,4.966776,5.7789655,5.991846,4.604594,4.050258,3.5146425,6.586885,3.218773,4.3665595,4.367308,6.2561,4.836759,4.0784245,4.4994364,4.5849814,4.9098406,6.5778093,5.204866,4.645668,4.3077917,5.14237,4.2715793,2.3270373,4.781254,4.7088814,5.694986,4.2498765,5.0437098,4.9003596,6.4825506,1.9313258,5.906484,3.6579084,5.5082407,6.0273304,4.2305665,3.8112426,4.405303,5.043474,4.3435106,5.720959,4.789196,5.9067984,4.1319723,5.0265656,5.7417226,3.1798978,4.5639267,3.7580028
TCGA-69-8255-01,3.7363524,6.203882,5.631077,5.8422866,3.8374798,4.3851547,5.98043,6.6780643,5.0597568,5.3421555,4.9530444,5.0432715,5.162351,5.5387087,4.25826,4.8760505,5.7411113,5.9723806,4.764212,4.432458,3.5195892,6.74767,3.3292775,4.5059013,4.514405,6.1230674,4.713697,4.1907287,4.6667047,4.592166,4.813512,6.6029634,5.2366223,4.5308056,4.259476,5.4076915,4.432464,2.3990347,4.781683,4.794507,5.6063757,4.5736556,5.150233,5.0037637,5.9522333,2.2666595,5.6892295,3.6666775,5.3192415,6.0620337,4.1307874,3.8725743,4.4875827,4.621342,4.3166823,5.329767,4.776635,5.970904,4.045219,4.8972363,5.7998395,3.5567608,4.800082,3.9188733
TCGA-NJ-A55A-01,7.8592467,4.3648267,5.4543986,5.474074,4.3648734,5.019611,6.153052,6.9780593,4.96633,5.4323254,5.4806666,4.792694,4.569355,5.113195,3.7901754,4.3861513,5.6786084,6.135148,5.4920154,5.344348,3.6778252,6.9878335,3.5878115,5.3290772,4.787222,5.942212,4.408621,4.325548,5.1619825,4.714113,4.5023284,6.360386,5.3950725,4.2770915,4.522955,5.838592,4.8235173,2.513054,4.5739,4.921127,5.332611,5.3417444,5.511446,5.069908,5.3352346,3.1060932,5.709694,3.9038634,4.960699,6.158872,4.106643,4.427129,4.9301805,3.899078,4.089967,4.1785617,4.621019,5.8196216,3.8206134,4.676353,5.7301316,4.4730973,5.1647286,3.6268632
TCGA-49-4490-01,9.601739,3.6538045,5.423465,5.273794,4.698216,5.17671,6.001662,7.174109,4.8072257,5.2211537,5.5987234,4.5047703,4.3601317,5.2456737,3.6532052,4.2778444,5.710191,6.1625605,5.7561245,5.515751,3.8143666,7.1309304,3.9226174,5.568283,4.8950977,5.732113,4.4308186,4.556027,5.122408,4.6871333,4.437445,6.2103167,5.346002,4.377178,4.528965,6.0065784,4.975924,2.5951538,4.323144,5.1704,5.332694,5.5480466,5.5980086,5.2078753,5.2574754,3.2768736,5.6381235,4.002379,5.0472827,6.035579,4.1378026,4.621462,5.084497,3.5371425,4.0494046,3.8446038,4.560643,5.6501913,3.7886736,4.6600475,5.871429,4.9350257,5.2482944,3.5350282
TCGA-44-2668-01,2.6596434,6.307788,5.633275,5.798136,3.684951,4.2887325,6.119249,6.6403,5.166239,5.402194,4.874238,5.1425548,5.30369,5.630343,4.2883773,4.907786,5.832075,5.991955,4.6555676,4.2425013,3.5736234,6.6594462,3.2989097,4.4573393,4.5134063,6.1172104,4.767936,4.154233,4.640294,4.5534215,4.9575915,6.630224,5.2284274,4.5162745,4.3302407,5.319546,4.345603,2.3936946,4.798971,4.7110167,5.544852,4.5391808,5.150681,4.9776525,6.2087646,2.1558611,5.741914,3.6993,5.376289,6.1164045,4.204862,3.8426723,4.424497,4.788957,4.3199797,5.5393863,4.718872,5.955489,4.140657,4.931502,5.822657,3.4667685,4.7152,3.8739893
TCGA-69-7974-01,1.4320805,6.5489087,5.5624986,5.82727,3.415736,4.1571875,6.148388,6.4985666,5.3436217,5.434914,4.7852397,5.1974554,5.6980333,5.6511,4.457983,4.9943013,5.8152275,5.9282875,4.53621,3.98946,3.5793424,6.544983,3.2458754,4.361805,4.3979573,6.269539,4.843484,4.108338,4.490772,4.5684743,4.9079943,6.6121683,5.2287445,4.6465,4.3250155,5.157385,4.2258773,2.3426905,4.77934,4.6830277,5.607552,4.263171,5.0569835,4.8994994,6.555172,1.8927073,5.900478,3.6993747,5.5006213,6.1083493,4.285305,3.8335588,4.4146485,5.04094,4.3338013,5.755581,4.7421145,5.9240665,4.1468253,5.037621,5.792809,3.1974833,4.5547543,3.741994
TCGA-MP-A4TJ-01,8.489689,4.003916,5.413593,5.4269047,4.534945,5.138827,6.048859,7.061313,4.9041343,5.4157205,5.6068473,4.6752563,4.4655204,5.197051,3.7101107,4.379449,5.746223,6.102248,5.6015825,5.4322996,3.7413397,7.0230217,3.6719809,5.4814863,4.8088675,5.920661,4.4542246,4.420153,5.1548085,4.6887302,4.4736185,6.2571654,5.3182673,4.2765794,4.5212336,5.9725327,4.8096676,2.545165,4.5283475,4.9544907,5.2941566,5.3754425,5.5893855,5.1446066,5.2897506,3.1890533,5.630131,3.9940395,4.9572706,6.176826,4.108349,4.4634047,4.99753,3.80465,4.065345,4.070456,4.5537057,5.781635,3.8695896,4.702806,5.749988,4.609695,5.2093925,3.5830662
TCGA-55-A491-01,2.966665,6.269342,5.635925,5.7677627,3.691187,4.3442025,6.003231,6.6551065,5.203696,5.425834,4.8737984,5.129198,5.2720823,5.5713005,4.3215237,4.869015,5.766215,6.029906,4.744484,4.3022366,3.5225163,6.6909046,3.2823403,4.487884,4.4637327,6.152128,4.7446375,4.0809155,4.6535707,4.5761013,4.8243976,6.562025,5.2066293,4.5613537,4.318257,5.308095,4.419993,2.3470395,4.783636,4.7631545,5.6100755,4.503576,5.12334,4.940904,6.124941,2.135666,5.821947,3.6236057,5.403094,6.045169,4.183399,3.8757079,4.4532743,4.7672253,4.298732,5.445895,4.7758636,5.928075,4.075627,4.922579,5.800665,3.4310086,4.6965165,3.8302436
TCGA-64-5815-01,6.124945,5.2885513,5.492193,5.681755,4.188188,4.7926044,6.0962133,6.8188767,4.9433727,5.478402,5.2549925,4.928354,4.7060385,5.3070073,3.916009,4.5925207,5.651231,6.1310673,5.2533784,4.9939103,3.602627,6.9127045,3.4519374,5.0024467,4.6571565,5.9987564,4.4553943,4.3103833,5.037597,4.6879086,4.6578655,6.3646255,5.3432007,4.323435,4.412897,5.723972,4.7466383,2.477017,4.655386,4.849145,5.4575047,5.053627,5.361038,4.964375,5.502501,2.7907553,5.7109284,3.6975718,5.1289268,6.0922565,4.1077724,4.148307,4.7176294,4.18645,4.2533326,4.654916,4.7465773,5.9603376,3.9210706,4.7648926,5.745021,4.101296,5.018365,3.7739527
TCGA-86-7954-01,5.095558,5.722343,5.5523067,5.698662,4.013431,4.707541,6.047468,6.8075166,4.993221,5.40886,5.132034,4.9828153,4.883784,5.415963,4.0168476,4.774397,5.7320457,6.1648316,5.112578,4.7397394,3.5809264,6.8452063,3.4662173,4.8473945,4.5946374,6.0310197,4.5193048,4.225953,4.8999505,4.637912,4.8275633,6.3700256,5.2735105,4.4218216,4.3324013,5.694438,4.6682878,2.3775694,4.6452994,4.824374,5.4838934,4.896429,5.2382655,4.8991327,5.650323,2.5451005,5.676869,3.645382,5.279117,6.0523014,4.1363497,4.019974,4.5643773,4.399541,4.3202257,4.95468,4.774597,5.9555364,4.029729,4.752725,5.8134184,3.8797677,4.8950067,3.7918756
TCGA-35-3615-01,7.5816584,4.551519,5.4572763,5.471883,4.3241873,5.021368,6.1408086,6.938236,5.000759,5.4541554,5.459177,4.8357143,4.619401,5.1456547,3.8015907,4.3752046,5.677131,6.140333,5.437252,5.309491,3.6524377,7.014827,3.565786,5.309982,4.776681,5.9643564,4.4012966,4.30946,5.1357293,4.729148,4.5314326,6.3945837,5.4279737,4.2552667,4.535384,5.814882,4.801253,2.4891438,4.5703554,4.915006,5.3213983,5.3309617,5.4688506,5.042095,5.3896832,3.0473082,5.704573,3.8772914,4.962713,6.1567173,4.067293,4.391313,4.904122,3.9622343,4.091585,4.2620926,4.6239905,5.814866,3.814086,4.6897383,5.725385,4.4256077,5.16155,3.631713
TCGA-O1-A52J-01,6.170302,5.3373137,5.529935,5.6825194,4.136344,4.7944117,6.108576,6.8291054,4.977368,5.3861446,5.248956,4.9492974,4.7797933,5.337835,3.971628,4.642186,5.6766133,6.123894,5.173834,4.921798,3.616394,6.936395,3.5222628,4.948213,4.653703,6.0413866,4.477088,4.246968,4.965179,4.68417,4.7073975,6.428945,5.344173,4.3610783,4.3560815,5.726062,4.705697,2.3975272,4.6856527,4.876578,5.4256396,5.028432,5.314951,4.953387,5.5713253,2.7053847,5.701842,3.727339,5.1434326,6.120364,4.1073346,4.149418,4.696269,4.261803,4.22386,4.71488,4.747898,5.9118834,3.9295776,4.709121,5.7857876,4.08408,4.980554,3.7631016
TCGA-91-6849-01,7.375553,4.6800666,5.4562154,5.530401,4.322549,4.9612474,6.117503,6.919466,4.971699,5.4661283,5.432844,4.819586,4.6103063,5.194229,3.814869,4.448289,5.682815,6.184514,5.413757,5.2358556,3.6539564,6.984746,3.5746682,5.2496777,4.72403,5.9605403,4.441174,4.3182945,5.1248093,4.745144,4.593547,6.3829103,5.40545,4.3092947,4.534811,5.779769,4.785463,2.4774768,4.5953393,4.8832126,5.395041,5.26558,5.431091,5.0546074,5.465493,2.9785993,5.739816,3.8557658,5.0030937,6.1367874,4.069336,4.3305106,4.8642488,3.9998329,4.12779,4.32718,4.6764507,5.8495665,3.8347626,4.7064524,5.719434,4.388275,5.137931,3.6680763
TCGA-50-5066-01,3.3988938,6.1720257,5.6476865,5.7599626,3.7864528,4.3366466,6.088317,6.689389,5.1440167,5.412198,4.9181147,5.141574,5.160998,5.57114,4.28704,4.7971125,5.7530246,6.056132,4.7751164,4.4242845,3.5063655,6.6986156,3.296838,4.512187,4.468228,6.0888066,4.710926,4.1665864,4.7275906,4.598757,4.8741617,6.608188,5.2766223,4.443395,4.305629,5.337948,4.434181,2.382823,4.822373,4.7722025,5.5622735,4.6223645,5.145615,5.0253277,6.135705,2.3305411,5.801071,3.6611397,5.3474207,6.051321,4.1216755,3.873418,4.4486885,4.699299,4.348084,5.3507586,4.822112,5.9482055,4.0418024,4.884581,5.7430177,3.5332813,4.7529807,3.8577497
TCGA-55-8094-01,2.134459,6.383985,5.600753,5.806539,3.5594342,4.2222323,6.081339,6.5709395,5.259103,5.425453,4.7925963,5.173406,5.4956665,5.6321754,4.3757515,4.9063597,5.7706556,6.0005107,4.6196795,4.121346,3.5560362,6.632008,3.230095,4.386859,4.4486194,6.1753836,4.80172,4.1086144,4.5599236,4.5693955,4.9275503,6.6222982,5.2419105,4.55132,4.3250175,5.206676,4.2988286,2.371248,4.776058,4.7085032,5.6156044,4.426793,5.088137,4.925304,6.3736362,2.00744,5.821038,3.6567607,5.435021,6.0815473,4.2239203,3.8130035,4.4100223,4.925663,4.3264265,5.6184354,4.7342105,5.9383426,4.1324725,4.9715314,5.809141,3.3205178,4.639846,3.8253257
TCGA-38-4632-01,1.3764323,6.5454435,5.545867,5.8017516,3.3744886,4.153603,6.0967813,6.481012,5.4113493,5.4652405,4.717304,5.1981683,5.7323146,5.5808444,4.485319,4.9710507,5.7868304,5.9900084,4.5823774,3.9913948,3.5599082,6.5350823,3.2052097,4.3731623,4.358068,6.302107,4.8586802,4.060472,4.490499,4.5582967,4.8833094,6.5780807,5.2112966,4.715028,4.340451,5.1118975,4.2245283,2.3286424,4.762792,4.666758,5.665211,4.2271357,5.0494637,4.8792334,6.571471,1.8619571,5.9579597,3.6462889,5.5274057,6.076783,4.301822,3.8375597,4.403071,5.0309725,4.321133,5.6927805,4.7230077,5.8980064,4.140861,5.041237,5.7550316,3.1272068,4.5243807,3.7064936
TCGA-75-7025-01,10.148462,3.4449615,5.384822,5.2176886,4.8671374,5.267331,5.8993263,7.2851543,4.705282,5.1131387,5.639456,4.371419,4.2552056,5.2998247,3.6416125,4.2528124,5.6828723,6.1811957,5.8885617,5.569046,3.887572,7.1968503,4.0767236,5.6730747,4.936362,5.566799,4.390514,4.6322303,5.130399,4.6999974,4.4291754,6.135413,5.3327537,4.4435587,4.5335517,6.0807166,5.1232357,2.60067,4.223087,5.266657,5.3889523,5.640695,5.59756,5.217814,5.25363,3.347628,5.6830416,4.012875,5.1477146,5.9416776,4.1739597,4.729759,5.1480503,3.3987925,4.0254297,3.6832254,4.5825014,5.591032,3.7246609,4.5871964,5.9539566,5.1238837,5.275055,3.5070229
TCGA-17-Z062-01,1.7559263,6.516415,5.5969357,5.8282633,3.4699605,4.21164,6.0552425,6.5844927,5.336384,5.4236073,4.749109,5.147633,5.576101,5.589735,4.4779253,4.9946413,5.8042645,5.970071,4.6193676,4.0581536,3.535217,6.6132374,3.2528481,4.364089,4.3942103,6.2499547,4.8396425,4.0010376,4.4910626,4.572342,4.873718,6.588655,5.1787868,4.6916094,4.296264,5.1634765,4.2947974,2.2733424,4.817532,4.6869226,5.672498,4.281806,5.0396028,4.8850327,6.4054294,1.8864003,5.9193177,3.674063,5.5087996,6.0549073,4.2488036,3.844391,4.4207087,4.9823093,4.2830977,5.713886,4.7790384,5.8883247,4.099213,5.001151,5.77018,3.2202263,4.5671916,3.7576647
TCGA-55-1596-01,5.347523,5.5888653,5.5532026,5.751054,4.0943356,4.634271,6.0873795,6.7523055,5.0435224,5.464397,5.1108317,4.9954305,4.803218,5.3609858,4.0203624,4.6867304,5.677964,6.11351,5.11682,4.8140883,3.5235717,6.881563,3.383298,4.853124,4.586725,5.99045,4.5376034,4.248464,4.930196,4.680404,4.7460647,6.44998,5.3201485,4.3639317,4.4146843,5.555325,4.6174664,2.4707167,4.700687,4.804146,5.519573,4.911434,5.29561,4.9836297,5.6947875,2.6661024,5.682295,3.717624,5.146689,6.074414,4.096613,4.0356774,4.6368847,4.343588,4.26249,4.8662386,4.743546,5.958458,3.979153,4.835954,5.706184,3.9389384,4.9608345,3.7804713
TCGA-NJ-A55R-01,4.1475296,6.0201178,5.6861873,5.75945,3.9063668,4.4777465,5.978185,6.722775,5.048792,5.361547,5.017186,5.0917,4.998973,5.5952578,4.200631,4.7667847,5.73457,6.083798,4.9098525,4.561167,3.4737766,6.7867656,3.3749695,4.5733786,4.476372,6.074064,4.6335454,4.1721125,4.7883687,4.620867,4.8251395,6.5516114,5.2885346,4.387818,4.2577624,5.4733543,4.5461507,2.3574693,4.775037,4.848878,5.546585,4.69666,5.14553,5.0050983,5.890461,2.3935792,5.7517114,3.617253,5.3013616,6.0058613,4.0695453,3.9010656,4.4905105,4.558393,4.3415284,5.201294,4.8515763,5.965373,3.9885688,4.8466825,5.7741346,3.6677928,4.8108263,3.849971
TCGA-75-6214-01,0.68843365,6.7298813,5.4912615,5.741589,3.3094447,4.0697575,6.3622746,6.4983034,5.4095383,5.503986,4.7088175,5.2587075,5.8070207,5.574723,4.4517775,5.022661,5.948475,5.8869596,4.408172,3.8952446,3.7013261,6.401683,3.2061398,4.427863,4.528136,6.252368,4.9076076,4.158971,4.528762,4.446332,5.0684214,6.657423,5.1728435,4.7483253,4.45473,5.110718,4.1181483,2.4121208,4.784751,4.544155,5.5208054,4.29234,5.190258,4.9414787,6.7504053,1.9676485,5.8561926,3.766974,5.5139637,6.2252584,4.448492,3.8693864,4.366029,5.0002804,4.316343,5.806046,4.5312304,5.8915753,4.303403,5.0316324,5.797121,3.1181011,4.51287,3.7640243
TCGA-78-7146-01,2.7917104,6.254266,5.625894,5.818353,3.6592278,4.280305,6.0675488,6.6264453,5.2217298,5.3989043,4.9220815,5.1461215,5.3011956,5.6506534,4.3150268,4.862053,5.7707486,6.038099,4.703117,4.224558,3.547013,6.7069254,3.2826602,4.415554,4.467051,6.133044,4.7556443,4.0776033,4.6270294,4.612573,4.856047,6.6274886,5.2377872,4.48267,4.326461,5.2499175,4.385139,2.3665733,4.8190656,4.724793,5.6119237,4.50773,5.1125546,4.9235706,6.270446,2.0763838,5.832969,3.6934736,5.3889,6.05499,4.1952066,3.8719826,4.485988,4.8683867,4.2910857,5.5912886,4.784088,5.9349327,4.0698934,4.944962,5.797945,3.4629917,4.692074,3.857686
TCGA-05-4390-01,1.2816799,6.4510307,5.5465364,5.8576593,3.3759067,4.1750154,6.150629,6.523525,5.4066997,5.413072,4.7930045,5.141266,5.7468686,5.6150784,4.4872394,5.005649,5.813848,5.9559193,4.5828114,4.003427,3.6010969,6.537213,3.246735,4.3775425,4.4229283,6.2913613,4.835016,4.06213,4.4698224,4.5527334,4.901412,6.6285267,5.247649,4.6794496,4.3454943,5.123235,4.2362504,2.3135536,4.780248,4.633797,5.6278863,4.3109155,5.0554376,4.848446,6.6329317,1.8763441,5.953903,3.7560353,5.50921,6.110015,4.328613,3.8650856,4.4375286,5.034362,4.313562,5.6987333,4.719632,5.888272,4.1288934,5.048992,5.7469726,3.2277186,4.5366564,3.6959014
TCGA-91-6847-01,9.088315,3.827599,5.454738,5.31325,4.591946,5.1359563,6.0476227,7.070171,4.8932047,5.283268,5.5729313,4.6102467,4.458947,5.225056,3.6667094,4.314036,5.7280984,6.18493,5.6484923,5.435124,3.7480009,7.1039515,3.8120644,5.5025177,4.8417406,5.839317,4.446109,4.5348306,5.0933485,4.703693,4.4979773,6.2748494,5.3694124,4.336753,4.5424976,5.9288335,4.8769236,2.5723414,4.364223,5.125628,5.309454,5.458649,5.55758,5.167074,5.307408,3.1863048,5.6274023,3.9695525,5.0000014,6.0803456,4.0862255,4.512137,5.012208,3.6870587,4.0761213,3.9629927,4.580086,5.687959,3.831935,4.7034307,5.8161564,4.819615,5.235148,3.5524836
TCGA-44-2655-01,5.6466537,5.512431,5.5886154,5.6797476,4.1431756,4.671018,6.0382233,6.8280783,4.9895697,5.3716884,5.1800146,4.9348087,4.736954,5.4093933,4.026478,4.687908,5.7032332,6.1221995,5.136831,4.8765087,3.5514882,6.882569,3.4823859,4.8594675,4.5964937,6.010739,4.531419,4.2658153,4.932212,4.66797,4.7367797,6.432859,5.3172183,4.3450875,4.367978,5.627575,4.6737485,2.431725,4.6959805,4.878665,5.4662776,4.9627624,5.2798963,4.997688,5.6628,2.7149825,5.704597,3.7304804,5.17696,6.0579414,4.0806355,4.078505,4.637226,4.294846,4.302029,4.7989826,4.812295,5.924425,3.9410727,4.7736363,5.7600117,4.021004,4.9708605,3.769251
TCGA-17-Z051-01,5.4245534,5.5641856,5.5557456,5.6900268,4.0798254,4.684298,6.077275,6.819735,5.0113974,5.418665,5.1542907,4.9622574,4.820211,5.3681345,4.0100207,4.685607,5.709767,6.1242275,5.1228385,4.8381805,3.5710151,6.8895373,3.4535174,4.880301,4.624626,6.0068994,4.5223207,4.227763,4.933372,4.6606503,4.738527,6.426141,5.309749,4.3623395,4.3838215,5.6424394,4.661682,2.4270003,4.695766,4.820859,5.468197,4.978659,5.2841897,4.9679294,5.67035,2.6547241,5.6936507,3.7335987,5.1865344,6.07421,4.1061196,4.0747013,4.636243,4.3169546,4.275149,4.854168,4.765157,5.930502,3.9607298,4.761228,5.759647,3.9737294,4.958984,3.7809944
TCGA-78-7145-01,5.168708,5.698576,5.5966287,5.708677,4.039737,4.597954,6.082469,6.725352,4.9848576,5.37584,5.0738983,5.0399637,4.841161,5.496684,4.07791,4.6827955,5.6981554,6.142756,5.067228,4.7415237,3.5339134,6.8117223,3.4181027,4.7720203,4.5427237,6.0492964,4.55021,4.325191,4.8795586,4.631962,4.8863134,6.5017138,5.374861,4.3350096,4.297614,5.590793,4.5787845,2.428224,4.6662307,4.871039,5.4382052,4.865004,5.2338924,5.0235944,5.7601566,2.6507998,5.6748633,3.6387837,5.218883,6.063308,4.0669627,3.9675434,4.5340843,4.401713,4.367659,4.942029,4.7786784,5.96688,4.003294,4.7875004,5.7566514,3.8730931,4.9119267,3.7893798
TCGA-55-6969-01,1.903502,6.3996997,5.5723696,5.8326273,3.4963965,4.180596,6.058928,6.534997,5.322847,5.4159427,4.766936,5.1692867,5.5897803,5.6263075,4.4448085,4.9137425,5.7469907,6.023789,4.6397934,4.074724,3.5185997,6.632814,3.2257245,4.340553,4.3691506,6.231064,4.8269486,4.0742106,4.512096,4.608018,4.8803616,6.614556,5.2354054,4.597899,4.301159,5.1313734,4.2880564,2.33897,4.7818723,4.714172,5.700385,4.3065524,5.0444226,4.8981586,6.4811416,1.9319607,5.9029584,3.6566062,5.4780855,6.0171056,4.2251773,3.8241162,4.442805,5.0100913,4.3173804,5.6907654,4.7790337,5.9087777,4.0974035,5.0185637,5.74868,3.2439315,4.5869956,3.78273
TCGA-69-7763-01,9.209804,3.8709476,5.458067,5.324171,4.5821223,5.0815334,6.095651,7.119304,4.780619,5.223256,5.6749196,4.5923486,4.4254475,5.230774,3.6892881,4.300243,5.786007,6.159496,5.671786,5.4229717,3.785359,7.053959,3.8692632,5.442728,4.8972373,5.8878016,4.4305706,4.600461,5.112349,4.6616225,4.523034,6.300141,5.3574333,4.2983065,4.459008,5.9977074,4.9172616,2.553486,4.3695936,5.114221,5.2536693,5.4546795,5.583594,5.201276,5.3052917,3.2256842,5.5793004,4.0121565,5.0431323,6.0769477,4.149531,4.5834074,5.0662165,3.5397875,4.1034856,4.040912,4.5563297,5.692642,3.795658,4.716594,5.8449416,4.848283,5.2085514,3.584166
TCGA-55-8087-01,10.016741,3.5523572,5.452389,5.1955733,4.910489,5.1597104,5.9070115,7.2670393,4.640947,5.02065,5.660219,4.3712473,4.2229395,5.377255,3.6621666,4.2755065,5.7080436,6.158102,5.842861,5.4582124,3.8672657,7.1481233,4.0799756,5.610105,4.912364,5.637564,4.453316,4.7339435,5.0663743,4.6434016,4.4944096,6.1659865,5.302709,4.4268007,4.453404,6.075159,5.0389476,2.6424081,4.1912,5.3391757,5.341344,5.563843,5.5896707,5.308515,5.2608986,3.3525076,5.578738,4.011954,5.152229,5.9592423,4.1741905,4.694283,5.1050496,3.3741379,4.0453753,3.7165558,4.617723,5.605074,3.7407563,4.643045,6.0308905,5.1695695,5.261489,3.5582185
TCGA-78-7542-01,2.4692109,6.3037143,5.654263,5.803524,3.6077662,4.310548,6.0112095,6.6473985,5.282501,5.4042945,4.8078275,5.1256714,5.327984,5.5647087,4.353173,4.932873,5.818209,6.074311,4.7134876,4.240932,3.5285594,6.6737747,3.29807,4.4425135,4.431558,6.1732435,4.78651,4.016183,4.6146216,4.5537443,4.8806014,6.570186,5.170612,4.624986,4.316451,5.273369,4.3743067,2.3066945,4.824991,4.689094,5.648512,4.4200764,5.109788,4.913501,6.2074914,2.03888,5.871406,3.6532724,5.4163275,6.065092,4.208612,3.864619,4.4435725,4.805867,4.271416,5.510236,4.7453628,5.9088244,4.0944257,4.950584,5.769601,3.3564694,4.657713,3.799107
TCGA-62-A472-01,9.543047,3.6116707,5.426066,5.286829,4.705605,5.1857667,5.974191,7.159383,4.814652,5.26385,5.5958676,4.508407,4.412793,5.280824,3.6131024,4.324658,5.7336965,6.164753,5.7472653,5.4962525,3.8143616,7.1028843,3.886406,5.5977216,4.851935,5.7667274,4.4670105,4.6339927,5.106282,4.6687455,4.4726224,6.1653914,5.3120055,4.389456,4.5236435,6.011998,4.915052,2.5912342,4.3297186,5.1585884,5.297173,5.5035954,5.6127033,5.222974,5.262571,3.25621,5.6197677,4.000039,5.0270166,6.0609226,4.1159334,4.535344,5.0338507,3.5864213,4.087645,3.8459454,4.56433,5.668202,3.879976,4.6935716,5.838937,4.9298706,5.2556934,3.5297413
TCGA-64-5778-01,1.6794413,6.418386,5.605896,5.819766,3.4273477,4.1809278,6.009648,6.5256324,5.383008,5.406456,4.6949205,5.161327,5.6840405,5.6347775,4.4734936,4.94658,5.742381,6.025612,4.628047,4.003846,3.5585465,6.6120915,3.2224925,4.321631,4.3454013,6.2332134,4.8476596,4.005521,4.4545283,4.580046,4.897846,6.5932827,5.230014,4.6192,4.293613,5.1049714,4.2562327,2.3099742,4.7687707,4.693803,5.6827407,4.309419,5.01213,4.857893,6.496768,1.8273548,5.953117,3.629193,5.5054965,6.052848,4.258105,3.8003259,4.3982453,5.043947,4.3063555,5.6550465,4.7445197,5.896418,4.122358,4.9956775,5.7987547,3.2270577,4.559803,3.7142267
TCGA-64-5775-01,1.7894474,6.5540123,5.6124487,5.7975054,3.4719605,4.242788,6.1003838,6.5690956,5.2573376,5.4867654,4.832281,5.215748,5.5497837,5.6083674,4.4427094,4.9778438,5.807071,5.93764,4.550938,4.1101274,3.5170436,6.5465584,3.22472,4.413177,4.4368815,6.2678285,4.798772,4.094362,4.550557,4.542979,4.8997097,6.5988846,5.23423,4.6403866,4.312976,5.2312913,4.2982273,2.2753203,4.810612,4.7201405,5.5811462,4.315957,5.050117,4.939627,6.3819966,1.9388683,5.8638153,3.646261,5.4808755,6.104475,4.2087307,3.8248975,4.3816786,4.9516973,4.3405704,5.691378,4.7985463,5.943167,4.101731,5.0090218,5.7793875,3.1838815,4.5714517,3.7843587
TCGA-49-AAQV-01,9.143619,3.8012047,5.3952513,5.3713856,4.5098023,5.198412,6.1617613,7.092191,4.856801,5.3564525,5.622996,4.655075,4.4802794,5.165006,3.657909,4.29321,5.6887026,6.154418,5.712663,5.482767,3.777144,7.059934,3.7808983,5.5474806,4.8816624,5.868197,4.3550744,4.480729,5.1674337,4.674027,4.4628067,6.265011,5.395092,4.3209777,4.517803,6.0108213,4.9259515,2.535343,4.4405975,5.0520515,5.2606754,5.486398,5.5929594,5.1127687,5.256042,3.2621646,5.6358724,3.9494452,5.0094256,6.0987887,4.1438684,4.539729,5.015838,3.6352978,4.0485744,3.9628074,4.5374823,5.7257504,3.8157663,4.680605,5.7699723,4.7728405,5.2075076,3.527975
TCGA-44-3396-01,5.1860394,5.6764727,5.600645,5.7183037,4.0651894,4.6142488,6.0554185,6.7735615,4.9943714,5.399796,5.1275506,5.0106835,4.822167,5.462714,4.0647063,4.6939826,5.713387,6.1066284,5.06171,4.771337,3.5413713,6.8367524,3.424284,4.7846932,4.5753727,6.0156627,4.5547686,4.2656927,4.904264,4.6437335,4.786125,6.485038,5.3192296,4.3597045,4.339425,5.5853276,4.6242604,2.4270513,4.7138352,4.8510566,5.4786654,4.8713565,5.2609377,5.009915,5.725035,2.629184,5.7065563,3.6779728,5.2038283,6.060571,4.0860553,4.018628,4.5942025,4.368249,4.310945,4.938284,4.7872972,5.955975,3.9725275,4.804747,5.759086,3.9048173,4.92468,3.814233
TCGA-95-8039-01,8.323859,4.1766067,5.4276485,5.397714,4.4447813,5.0613127,6.160487,7.0031734,4.908444,5.3910236,5.539436,4.7214313,4.6053433,5.185028,3.733454,4.355981,5.667405,6.0747323,5.506035,5.3570976,3.7506087,7.0378017,3.6610956,5.3821583,4.832587,5.963306,4.446207,4.4768214,5.0812445,4.6834855,4.493429,6.348429,5.4268203,4.301344,4.515806,5.9114347,4.8045115,2.5443895,4.4838624,5.0108204,5.278228,5.4125595,5.540388,5.1292357,5.362965,3.0978253,5.625989,3.944149,4.9894547,6.163002,4.0886497,4.437684,4.935148,3.8506367,4.077754,4.176785,4.5766335,5.765074,3.8586233,4.708696,5.8094215,4.6349187,5.2013783,3.5979042
TCGA-50-5946-01,0.89906347,6.6275954,5.527315,5.7796993,3.3236487,4.0993724,6.2817073,6.487174,5.421784,5.474413,4.6785383,5.2359133,5.832537,5.60732,4.4686623,5.0115633,5.8958178,5.923511,4.4778223,3.9150798,3.6620653,6.4375377,3.218109,4.3974605,4.4539495,6.262564,4.8905187,4.119442,4.5071096,4.4870195,5.0411854,6.643151,5.200765,4.7142563,4.40022,5.11944,4.1443257,2.3853645,4.7761626,4.581175,5.5571914,4.27913,5.131583,4.907447,6.719681,1.9246473,5.9059687,3.711141,5.5139446,6.1783295,4.403507,3.851381,4.3609776,5.0254908,4.319692,5.7618604,4.592752,5.8991604,4.2428904,5.0332227,5.7876434,3.1429517,4.5133967,3.7102084
TCGA-05-4244-01,4.925545,5.7902513,5.602721,5.743397,4.038595,4.6027036,6.0160327,6.7828774,5.0188446,5.339959,5.0777926,4.9758987,4.8696504,5.4813805,4.1168966,4.7841625,5.724924,6.0868297,5.0270243,4.692693,3.53831,6.861307,3.45566,4.7331076,4.567816,6.0650797,4.575981,4.203421,4.8283114,4.6416698,4.8002944,6.4683805,5.2815685,4.4281464,4.3089666,5.600217,4.6089797,2.385706,4.7181706,4.8525968,5.5123563,4.8201485,5.212789,4.9616776,5.7358136,2.5273356,5.695656,3.7058184,5.2648253,6.057543,4.099633,3.9952338,4.561225,4.431397,4.3056917,4.9966583,4.8225775,5.938122,3.9845777,4.7938333,5.8055487,3.866817,4.897105,3.8172784
TCGA-55-7281-01,1.8012469,6.550635,5.5596027,5.838672,3.45591,4.200121,6.0950356,6.5194283,5.27968,5.438898,4.82415,5.1740675,5.628813,5.583537,4.455385,4.9462047,5.7901106,5.90698,4.5801015,4.060945,3.5565407,6.5955925,3.2485013,4.377778,4.4243283,6.290246,4.8203216,4.066128,4.540064,4.5977874,4.787095,6.6333275,5.231825,4.6873655,4.3206644,5.175698,4.2830815,2.2979155,4.821046,4.687238,5.6008663,4.303765,5.0562906,4.9189777,6.4586754,1.8886625,5.9032335,3.6943092,5.483616,6.100267,4.2720685,3.9066715,4.4803567,4.9197745,4.269358,5.736376,4.773989,5.9172564,4.047007,5.0183163,5.777075,3.2253644,4.5693607,3.793472
TCGA-73-4659-01,4.9353266,5.8166585,5.6371083,5.6917953,4.0243144,4.6224246,6.0330763,6.799609,4.979901,5.3348107,5.088118,5.0234294,4.851059,5.4949603,4.0922728,4.7161136,5.735967,6.1187544,5.03116,4.750703,3.5400383,6.8311176,3.466539,4.742643,4.5763974,6.0315666,4.5455966,4.2651753,4.8854175,4.6099534,4.8460984,6.4869256,5.323096,4.359068,4.274796,5.6201696,4.6405964,2.3694432,4.709227,4.8792114,5.4357142,4.8725085,5.2309713,4.998451,5.7259245,2.6070492,5.6918645,3.6475804,5.2340574,6.0379558,4.079517,3.9965296,4.5493183,4.3703556,4.354965,4.957089,4.806362,5.937954,3.9893575,4.7531753,5.785564,3.8624728,4.893931,3.8105998
TCGA-NJ-A7XG-01,10.149026,3.408319,5.4108906,5.252597,4.816732,5.2519026,5.9698124,7.261447,4.709149,5.1187315,5.6719584,4.3874035,4.2547355,5.306563,3.6107147,4.2782125,5.708197,6.180601,5.879044,5.501118,3.882793,7.1744018,4.0752897,5.604743,4.927422,5.597117,4.408985,4.615241,5.105877,4.6855226,4.4849463,6.1750903,5.315437,4.447551,4.546256,6.0996895,5.0539064,2.5969698,4.282848,5.239307,5.3725095,5.5827193,5.599593,5.2608223,5.350469,3.288239,5.6265235,4.0546203,5.124368,5.981809,4.1785116,4.7242556,5.1504736,3.3341086,3.9860654,3.7454631,4.574173,5.5997505,3.695045,4.6404066,5.9545913,5.1907926,5.25417,3.49657
TCGA-44-5644-01,0.51839256,6.7797704,5.559934,5.7371173,3.375179,4.0972223,6.541765,6.626329,5.329508,5.474798,4.6981025,5.2546067,5.771114,5.6323175,4.3981814,5.078893,6.1017985,5.751897,4.334264,3.910905,3.8088343,6.3475237,3.284158,4.4746413,4.6825476,6.134905,4.909839,4.173249,4.566113,4.3699145,5.2334046,6.761355,5.1513104,4.694762,4.4718237,5.2027063,4.098218,2.428939,4.8645463,4.476503,5.355899,4.454193,5.2758846,5.003682,6.7303576,2.0998905,5.7722673,3.8646595,5.4577627,6.347021,4.4937944,3.8925912,4.312711,4.916915,4.280727,5.8466263,4.443805,5.900701,4.367824,4.9727445,5.8578343,3.2584069,4.564692,3.8038483
TCGA-49-6745-01,6.7432847,4.9161754,5.5062785,5.5973616,4.2509193,4.8644967,6.161291,6.890414,4.9504333,5.482894,5.32926,4.9181695,4.68154,5.1974926,3.8814108,4.491917,5.6256695,6.158496,5.326719,5.1404533,3.6242867,6.92108,3.519586,5.129225,4.6691265,5.894108,4.423835,4.310349,5.1329837,4.732222,4.6512737,6.4011865,5.398415,4.3048053,4.470525,5.724411,4.7827864,2.455665,4.673819,4.880293,5.405512,5.2071824,5.402057,5.0519104,5.5226874,2.94178,5.778601,3.760177,5.03164,6.131667,4.1057897,4.2972383,4.8178678,4.016598,4.1490993,4.4186106,4.7186956,5.901064,3.8205423,4.701318,5.7154856,4.309157,5.067017,3.7000258
TCGA-64-1680-01,9.608738,3.7447522,5.4688535,5.280549,4.630739,5.099837,5.9867253,7.145664,4.836605,5.2156463,5.5297456,4.571331,4.36459,5.2394247,3.685861,4.2528043,5.7541,6.2126517,5.7228746,5.5017686,3.751486,7.101035,3.8668041,5.486817,4.8912253,5.757874,4.4094515,4.521555,5.131403,4.6780357,4.4593253,6.2456083,5.350195,4.3271055,4.47959,5.9450874,4.972631,2.5786498,4.3185115,5.1561155,5.3055773,5.5056734,5.565762,5.1769724,5.2430515,3.2904584,5.636278,3.959882,5.031732,6.019891,4.1071043,4.580136,5.053334,3.5645998,4.119408,3.8847241,4.590202,5.6702776,3.7898545,4.671522,5.8327923,4.824221,5.2349687,3.5783584
TCGA-17-Z004-01,10.102857,3.4094417,5.4157333,5.2447505,4.894385,5.2496195,5.8614674,7.3155513,4.6680393,5.0893245,5.614768,4.329608,4.2012954,5.3597608,3.6357622,4.292226,5.728988,6.184812,5.904688,5.5339966,3.8937035,7.1760817,4.1141486,5.6446514,4.905756,5.508413,4.4276085,4.6567144,5.1318946,4.6816945,4.456635,6.0916643,5.2496147,4.450481,4.501691,6.0940995,5.1142526,2.6039033,4.2547603,5.2473044,5.4085255,5.5745845,5.616802,5.2696953,5.3000393,3.3143554,5.674206,4.0479803,5.1530814,5.9344125,4.1973796,4.7408495,5.173099,3.3158522,4.0278864,3.6854947,4.5950856,5.5950713,3.7230852,4.6173744,5.95884,5.1209,5.252169,3.5202641
TCGA-86-8056-01,3.7570744,6.088928,5.695229,5.7741065,3.855517,4.417573,6.039307,6.7508883,5.0711102,5.405766,4.996864,5.125269,5.030412,5.5885844,4.2226086,4.790161,5.7755737,6.0687866,4.805036,4.495062,3.5037746,6.739627,3.3367207,4.5403547,4.512169,6.0414085,4.67278,4.136391,4.7850714,4.5935626,4.864256,6.6157904,5.263919,4.4219284,4.3023696,5.414881,4.508008,2.3493874,4.8438725,4.775363,5.543449,4.676682,5.1624074,5.020885,6.0185843,2.3395052,5.765397,3.6449144,5.285657,6.055537,4.09133,3.8995473,4.486171,4.6001186,4.313419,5.323788,4.8199186,5.9660125,4.0110884,4.856044,5.7742367,3.6078804,4.7988424,3.9091406
TCGA-44-2665-01,9.87232,3.5678632,5.3788033,5.2621055,4.714906,5.241358,6.034111,7.2054377,4.761402,5.1935472,5.6401367,4.4625354,4.3297997,5.1897154,3.628486,4.239035,5.6358333,6.1454,5.824607,5.534176,3.8633933,7.198939,3.9950128,5.611026,4.9343414,5.6922746,4.3720946,4.55059,5.134336,4.7272706,4.447365,6.207014,5.3770785,4.3806005,4.556817,6.0761957,5.0658054,2.5937717,4.303599,5.196098,5.370313,5.6413584,5.56521,5.191351,5.220515,3.2983112,5.679028,3.99889,5.0740643,6.0105443,4.1456323,4.6987295,5.135765,3.4761324,4.0066223,3.7593522,4.59452,5.637473,3.6956491,4.5909996,5.9194293,5.0640116,5.280765,3.5202756
TCGA-91-6840-01,6.823849,4.9664307,5.4668374,5.619297,4.255701,4.876507,6.1286507,6.8777213,4.9298973,5.451583,5.3320727,4.8607845,4.6613073,5.2321277,3.8689377,4.517025,5.658088,6.1438994,5.338818,5.117734,3.6452217,6.956064,3.5242546,5.116163,4.7008224,5.989897,4.4387627,4.3211327,5.0782514,4.716464,4.636073,6.3798184,5.381328,4.296041,4.44097,5.780447,4.768496,2.4748042,4.62678,4.8568373,5.4188643,5.1741133,5.392449,5.017635,5.457653,2.8990195,5.7032957,3.7944868,5.0556965,6.1288404,4.088343,4.2523484,4.802387,4.0789948,4.1917715,4.477241,4.7107453,5.912762,3.8664112,4.7130747,5.7417316,4.255226,5.0879335,3.7304173
TCGA-53-A4EZ-01,1.5787796,6.5840816,5.544495,5.8054547,3.4123902,4.1778665,6.063428,6.519147,5.3609,5.4604864,4.7662773,5.1822033,5.6325946,5.5489874,4.471181,4.9596596,5.7763643,6.002081,4.5959115,4.041614,3.5371704,6.5859604,3.2108922,4.3729424,4.389084,6.2855897,4.8414783,4.039707,4.5151005,4.568875,4.8380027,6.5738497,5.201105,4.715611,4.3385396,5.12931,4.2733293,2.2933528,4.796439,4.6667976,5.6828685,4.255061,5.0514197,4.887623,6.4954686,1.865562,5.933274,3.666858,5.5149794,6.0627923,4.27741,3.8612978,4.4416685,4.973746,4.299919,5.705308,4.7536554,5.8915854,4.1087394,5.0244117,5.7478027,3.1325326,4.5386415,3.768965
TCGA-78-7152-01,5.2673426,5.720712,5.557687,5.7029524,4.037487,4.6759186,6.11283,6.77586,5.0073004,5.457605,5.17274,5.041928,4.8680196,5.4260755,4.017342,4.6654043,5.7229567,6.1608,5.0807753,4.748668,3.595384,6.839185,3.4178002,4.8330946,4.6042213,6.0028076,4.5347347,4.210259,4.9280834,4.646212,4.821881,6.469499,5.3167453,4.3926263,4.3564634,5.645011,4.634321,2.4129498,4.71022,4.7970443,5.4742613,4.9128003,5.2630296,4.9458237,5.6981063,2.587932,5.7220135,3.6546926,5.227088,6.0915637,4.1163826,4.0345783,4.5936227,4.3992343,4.2739906,4.948469,4.7453513,5.961617,3.9977388,4.76726,5.7938175,3.8937542,4.911284,3.8428438
TCGA-55-A48X-01,2.4871495,6.334963,5.6237764,5.798363,3.6097624,4.269752,6.049894,6.609664,5.2313976,5.43442,4.8408756,5.1658597,5.395464,5.599892,4.3526993,4.8731923,5.761692,6.0361123,4.6720715,4.2227955,3.5287666,6.654784,3.2478378,4.4223733,4.447611,6.1584,4.772294,4.0978,4.6201296,4.578779,4.8787518,6.608349,5.246893,4.543825,4.3226323,5.2449493,4.358937,2.3421974,4.802796,4.718277,5.6167846,4.4625993,5.0979543,4.9434767,6.295141,2.0609355,5.8406887,3.6432076,5.403946,6.0643964,4.1930313,3.8473296,4.441139,4.842714,4.3150926,5.546226,4.7647862,5.937086,4.083594,4.9554224,5.779057,3.3522408,4.6587186,3.8322937
TCGA-55-8511-01,1.1419184,6.5549483,5.4997435,5.8024364,3.357973,4.128463,6.1952896,6.4964795,5.3834963,5.4429407,4.8484015,5.1938734,5.7219396,5.591505,4.457138,4.9673586,5.8344126,5.9676538,4.519809,3.993947,3.6112618,6.5280147,3.233931,4.3846955,4.453465,6.276419,4.8498797,4.1274595,4.5187697,4.54261,4.9004936,6.6212053,5.236393,4.675636,4.3954797,5.102735,4.2251225,2.3402739,4.7785344,4.6216106,5.621617,4.285618,5.103834,4.89339,6.6828694,1.9091372,5.9180126,3.7822278,5.5024652,6.121104,4.352375,3.892785,4.479795,5.0003276,4.3218875,5.7621083,4.6809587,5.883299,4.166973,5.0570498,5.746557,3.1707857,4.5252857,3.7638216
TCGA-55-8206-01,10.10586,3.4048574,5.407933,5.2767982,4.869902,5.2309265,5.891687,7.3007445,4.6481256,5.1235733,5.652529,4.3574667,4.2149787,5.320842,3.6362665,4.29942,5.724767,6.1252956,5.888326,5.52036,3.9022694,7.153207,4.0619173,5.5978613,4.92388,5.594609,4.4182982,4.6349425,5.1315103,4.677003,4.458943,6.115164,5.2467103,4.3940864,4.4683466,6.12788,5.102002,2.6112797,4.3017163,5.215682,5.386229,5.5667944,5.6167383,5.2686086,5.2306223,3.3253863,5.658033,4.0595455,5.1314893,5.966251,4.197745,4.723855,5.178854,3.339967,4.0482078,3.733017,4.61417,5.636874,3.7255218,4.619658,5.9581213,5.0988073,5.264761,3.5547493
TCGA-49-4507-01,5.1220694,5.6189604,5.588579,5.771365,4.04198,4.660658,6.033802,6.786299,4.953636,5.394061,5.110641,4.984487,4.867043,5.4166946,4.0725856,4.721122,5.686677,6.099725,5.02785,4.771323,3.5476422,6.871995,3.4343247,4.777155,4.591312,6.01189,4.5289016,4.2415752,4.907593,4.6731405,4.7732277,6.496709,5.343256,4.3674393,4.3231697,5.635779,4.6401377,2.3651757,4.7417884,4.8201156,5.4789834,4.863323,5.2190166,4.9764934,5.7222824,2.534963,5.704592,3.6773975,5.1729836,6.1200776,4.057091,4.047112,4.6329703,4.327852,4.2672706,4.96265,4.811333,5.9778337,3.8922534,4.7965484,5.7815957,3.8955085,4.940055,3.849238
TCGA-05-4410-01,0.74123013,6.7184896,5.570331,5.7137837,3.4143276,4.124763,6.4932547,6.7497,5.2828197,5.438744,4.815601,5.1794224,5.6280313,5.5880413,4.430058,5.0914416,6.1137886,5.713645,4.290466,3.9598894,3.825087,6.400845,3.2958858,4.473721,4.804661,6.1105676,4.907422,4.1427283,4.524645,4.334892,5.1517234,6.784098,5.121815,4.7170534,4.491121,5.182117,4.157726,2.3651414,4.8954606,4.4890103,5.3401017,4.540068,5.299787,5.0196285,6.623553,2.087961,5.7210445,3.9936924,5.459119,6.3650384,4.48712,3.9124322,4.3700585,4.8638334,4.241543,5.8246408,4.440384,5.848279,4.361029,4.9455013,5.886362,3.3431082,4.5950627,3.8593116
TCGA-49-AAR4-01,1.1380433,6.489614,5.550969,5.82733,3.3441584,4.1279993,6.171806,6.533819,5.4084377,5.4017825,4.7238054,5.152325,5.8143616,5.6518445,4.5112376,5.0307784,5.8292236,5.9323993,4.500146,3.9243608,3.6510758,6.5224752,3.2485547,4.341841,4.4563994,6.2509212,4.8650627,4.087478,4.423665,4.524975,4.9749675,6.629597,5.239293,4.6538987,4.3549623,5.1079793,4.199907,2.3165677,4.7632165,4.6308765,5.5806837,4.3156652,5.068679,4.8513813,6.6790023,1.8386974,5.9238043,3.768533,5.5144277,6.151566,4.3617334,3.839135,4.415093,5.0718865,4.323376,5.7452674,4.664542,5.8769326,4.192467,5.0302916,5.819759,3.2284415,4.5289774,3.6858454
TCGA-38-6178-01,9.182279,3.7808368,5.4438796,5.2746105,4.575593,5.124738,6.0778193,7.063004,4.918498,5.285192,5.621701,4.615245,4.47614,5.1740117,3.6907575,4.265547,5.7698865,6.2004595,5.626571,5.5125437,3.729077,7.1043878,3.8174224,5.507667,4.8636503,5.8974767,4.4511414,4.536492,5.1241264,4.698,4.433186,6.3144064,5.419789,4.3331223,4.5677333,5.9129114,4.8771176,2.562514,4.336444,5.1159577,5.274036,5.5045133,5.587642,5.159233,5.329021,3.2041285,5.621276,3.9760237,5.013296,6.0761514,4.095458,4.5448217,5.0259132,3.6592264,4.0832534,3.989263,4.5051312,5.656881,3.8325644,4.721702,5.7919836,4.783035,5.219723,3.527048
TCGA-97-8177-01,10.14163,3.4572237,5.4375806,5.2432885,4.8478613,5.1806693,5.851581,7.326886,4.65436,5.131297,5.5819592,4.3743067,4.262931,5.404904,3.6101947,4.303274,5.7454,6.138528,5.871804,5.5341287,3.9012733,7.1142173,4.049847,5.6102433,4.9470243,5.559514,4.444547,4.6911125,5.10239,4.6041117,4.4154882,6.0596356,5.2288003,4.4363947,4.4220057,6.093523,5.084011,2.612954,4.2607756,5.2786956,5.3357797,5.555493,5.656036,5.2897887,5.173321,3.3644772,5.61158,4.0100317,5.1265883,5.9564905,4.1983714,4.658667,5.1341925,3.32777,4.1018233,3.7362158,4.5763183,5.6175103,3.832238,4.68059,5.932311,5.073771,5.2412944,3.5489612
TCGA-17-Z001-01,4.763728,5.8188295,5.6202884,5.7369013,4.0222735,4.565252,6.012003,6.7645783,4.994267,5.4190035,5.100743,5.037714,4.8626943,5.4991326,4.097875,4.7392817,5.7167234,6.0849013,5.010141,4.70132,3.5228739,6.804359,3.3833122,4.726203,4.5452924,6.012793,4.5749784,4.2436137,4.874404,4.628874,4.8039613,6.4735346,5.3001604,4.365985,4.3127,5.575843,4.602933,2.408478,4.7330875,4.8305387,5.4907904,4.8296046,5.2172337,5.014755,5.767331,2.5584314,5.7041035,3.6525686,5.249117,6.0472107,4.0798693,3.9589598,4.5294204,4.429841,4.3499203,5.0356865,4.8216352,5.9833417,3.9902887,4.8130503,5.772238,3.82136,4.8893576,3.8382988
TCGA-MP-A4TK-01,2.749629,6.2673507,5.721016,5.8103604,3.6813903,4.288643,6.001981,6.6370254,5.158113,5.3507466,4.837384,5.143715,5.374805,5.692616,4.3335967,4.8901644,5.7867265,5.97792,4.6544356,4.2308264,3.5568995,6.6845226,3.3224294,4.3815703,4.4324875,6.1063576,4.7845726,4.0977473,4.5930104,4.579079,4.8927794,6.6468997,5.246728,4.464938,4.2553015,5.3149285,4.341777,2.3624058,4.8222466,4.7626576,5.5492377,4.5280457,5.0805516,4.9880095,6.176855,2.0659416,5.806247,3.6468031,5.391219,6.1022525,4.155548,3.8085396,4.4010735,4.824287,4.3070974,5.517457,4.779435,5.965606,4.078939,4.9160447,5.8580766,3.4917803,4.7074757,3.8376694
TCGA-78-7158-01,3.786245,6.039691,5.627459,5.8298526,3.8919933,4.4398727,6.020415,6.7255006,5.0722966,5.398556,4.920244,5.0487,5.029722,5.528662,4.1948304,4.829305,5.7192597,6.1383343,4.883216,4.4993854,3.4946814,6.792687,3.324704,4.5687203,4.493761,6.030148,4.6469903,4.1630783,4.759341,4.633197,4.9251204,6.544353,5.305929,4.4414515,4.311486,5.44142,4.504387,2.3695362,4.770938,4.747872,5.586089,4.700532,5.1255574,4.958649,6.0159545,2.3492923,5.7154584,3.658429,5.2760496,6.0487905,4.083103,3.8741586,4.4880624,4.5853786,4.3497467,5.264658,4.8222556,5.978455,4.012885,4.8604636,5.765409,3.6359763,4.8289013,3.880387
TCGA-MP-A4T6-01,9.461133,3.7900686,5.411325,5.327839,4.6066236,5.202942,6.0693693,7.1508956,4.812289,5.270036,5.6383677,4.5826573,4.440412,5.1990047,3.6445014,4.2884364,5.712498,6.165966,5.74256,5.4698396,3.8022738,7.0962453,3.8627393,5.568448,4.9065795,5.7987947,4.3647676,4.54273,5.1340427,4.6665177,4.4901524,6.2385893,5.367939,4.3518853,4.507664,6.0342183,4.975785,2.5319378,4.370785,5.128277,5.279504,5.5139613,5.5688753,5.144635,5.2729883,3.2763057,5.635101,3.9424822,5.052834,6.056197,4.138964,4.5650434,5.045968,3.5534592,4.073809,3.8786514,4.5717335,5.686661,3.7840993,4.679025,5.82213,4.897601,5.2196736,3.5315542
TCGA-95-7567-01,0.77942795,6.700072,5.5756016,5.7323165,3.4094334,4.1229653,6.462183,6.7206984,5.2941346,5.430709,4.7947035,5.181796,5.653635,5.607983,4.4329925,5.0858593,6.084995,5.7395263,4.319741,3.9487672,3.8069048,6.4166613,3.2955232,4.4525394,4.7541313,6.1185236,4.9045334,4.1330924,4.5154796,4.3604817,5.1456532,6.7702703,5.134833,4.699965,4.4681196,5.1791186,4.1573663,2.3653057,4.8834677,4.5027657,5.366578,4.5135627,5.2712865,4.9996443,6.630795,2.0616395,5.7448316,3.9565876,5.4626765,6.3395534,4.4727383,3.9000974,4.368084,4.89274,4.249771,5.830041,4.465296,5.8570304,4.3432107,4.951833,5.88225,3.335624,4.5881286,3.8394756
TCGA-67-4679-01,3.5790973,6.1021104,5.677483,5.8000746,3.8316221,4.3602676,6.051204,6.677533,5.064702,5.4050484,4.93338,5.1320453,5.0889416,5.6334963,4.270624,4.800318,5.7575397,6.09358,4.8064837,4.434068,3.4875472,6.7124076,3.3155112,4.494857,4.4488697,6.070406,4.6952224,4.184875,4.7476697,4.6157546,4.8971415,6.6185446,5.28599,4.4161005,4.2657814,5.388481,4.4553227,2.3832839,4.8037543,4.785911,5.566437,4.6076646,5.126662,5.021914,6.036457,2.3354244,5.763183,3.6034505,5.3273077,6.0390973,4.087539,3.8456583,4.448522,4.661366,4.3528576,5.3631444,4.824583,5.99293,4.0319247,4.8884125,5.766209,3.5566738,4.7804565,3.9066997
TCGA-62-A46R-01,5.3202124,5.5881143,5.598435,5.715902,4.0999565,4.635427,6.054902,6.8102617,4.9925346,5.364435,5.1320066,4.954394,4.809988,5.4068604,4.0438437,4.7075825,5.7015777,6.097941,5.085959,4.8389754,3.5395477,6.88004,3.4659617,4.815839,4.595291,6.006159,4.542473,4.27155,4.9081817,4.66229,4.7623453,6.4674525,5.3300896,4.3435736,4.352992,5.6008496,4.639353,2.426873,4.711612,4.856634,5.4753375,4.9403987,5.2690496,5.0143523,5.6976566,2.670266,5.681997,3.7398655,5.16537,6.0645914,4.076773,4.051113,4.626277,4.3164043,4.302949,4.86399,4.7972775,5.9334927,3.948551,4.781667,5.7444844,3.9781713,4.962256,3.780074
TCGA-86-8054-01,4.7029934,5.883301,5.647299,5.733594,3.9762213,4.562659,6.0660224,6.756287,5.0063095,5.385389,5.093265,5.0758657,4.893739,5.500263,4.103412,4.709202,5.739075,6.110597,4.9667687,4.6820703,3.5180912,6.8165913,3.4043312,4.691217,4.551727,6.026663,4.5794296,4.2173076,4.8781853,4.635128,4.8357544,6.554494,5.3169165,4.3614197,4.3055196,5.5384445,4.5861135,2.3872333,4.7638288,4.8314404,5.4847984,4.8225245,5.2169127,5.012655,5.7886915,2.5345619,5.7084885,3.6508288,5.2205997,6.055485,4.073338,3.973531,4.5546556,4.4443173,4.3127346,5.0808744,4.7989874,5.9628954,3.9836755,4.795486,5.7607617,3.791035,4.8814673,3.8629634
TCGA-99-8025-01,1.8211328,6.538427,5.569995,5.8319755,3.4639344,4.206943,6.060713,6.5308876,5.2928176,5.4498844,4.7950506,5.1766644,5.615725,5.582502,4.4742293,4.9449925,5.7646375,5.938476,4.6050334,4.075206,3.51629,6.6002607,3.2264426,4.3702593,4.3951683,6.294964,4.8180428,4.0548396,4.5243516,4.599838,4.802199,6.6107745,5.229534,4.6839447,4.3021455,5.167451,4.2967186,2.2850325,4.8090396,4.7145805,5.642741,4.2774744,5.0326233,4.911778,6.4349146,1.8885531,5.911885,3.6550832,5.4990754,6.05758,4.2368445,3.8708463,4.448197,4.956205,4.292412,5.717367,4.8070707,5.9141436,4.0466127,5.0215125,5.75798,3.1917617,4.5624676,3.77684
TCGA-69-7760-01,9.213096,3.738624,5.4154963,5.3523674,4.6038923,5.187568,6.083659,7.1321282,4.8055596,5.3020744,5.6388693,4.574801,4.4199505,5.1946707,3.6617074,4.307509,5.723948,6.15336,5.719289,5.4949336,3.7959442,7.0912886,3.8504791,5.532011,4.858097,5.813363,4.4100013,4.5542197,5.1672144,4.693027,4.4542665,6.2193193,5.3337803,4.305508,4.5015326,6.026244,4.948881,2.5557745,4.4179397,5.0781107,5.303946,5.48308,5.6142945,5.1712046,5.2542133,3.2314923,5.6438203,3.9901915,5.012854,6.083556,4.1542683,4.592245,5.0846925,3.5711837,4.0497446,3.939987,4.5468497,5.705845,3.7955601,4.6751633,5.805703,4.8134255,5.2198677,3.5404246
TCGA-62-8394-01,7.202462,4.7807736,5.456819,5.550831,4.297302,4.9403734,6.1356626,6.9186425,4.9506946,5.451154,5.407501,4.845728,4.643279,5.2081985,3.848623,4.463652,5.666646,6.1217055,5.3795757,5.1967053,3.6676266,6.961311,3.5438585,5.1982374,4.7514586,5.9790015,4.4276104,4.3133707,5.096574,4.6973996,4.5810375,6.3743095,5.3920627,4.3085794,4.475588,5.808056,4.7914743,2.4832313,4.6086264,4.88741,5.3622603,5.2451825,5.4392915,5.0236926,5.437231,2.9693067,5.7068443,3.8222926,5.0486984,6.1397443,4.1061482,4.311172,4.833331,4.0257015,4.157644,4.3899035,4.665265,5.8689404,3.8623228,4.702116,5.7586336,4.3293447,5.1022115,3.6900015
TCGA-44-7669-01,1.8903842,6.286964,5.6538815,5.8192215,3.4955347,4.259929,5.999535,6.6481266,5.4312644,5.3652964,4.758679,5.0821986,5.4855795,5.5818586,4.446736,5.0072002,5.862229,6.0455008,4.7071733,4.109599,3.5720005,6.6394386,3.3188846,4.3978286,4.3698187,6.2074194,4.8568726,3.9198573,4.495318,4.5376925,4.883794,6.5629454,5.119097,4.707483,4.3095455,5.1726985,4.3124065,2.2822864,4.8163114,4.6482143,5.713026,4.324766,5.074614,4.8493056,6.345855,1.9210169,5.9923496,3.7106242,5.49822,6.0530725,4.280249,3.8606308,4.4412103,4.9363265,4.2384496,5.579189,4.716764,5.8465886,4.124989,4.99559,5.756963,3.336614,4.5901794,3.694652
TCGA-17-Z053-01,3.4992368,6.218106,5.6814213,5.75962,3.7672575,4.396665,6.050397,6.6781144,5.098858,5.3484025,4.99797,5.13512,5.123086,5.6510215,4.2424383,4.826498,5.818127,6.049162,4.770484,4.3901057,3.5119588,6.7382283,3.3702054,4.496141,4.4970512,6.1307445,4.696866,4.1436834,4.704119,4.59053,4.856887,6.615684,5.2418914,4.4387326,4.272341,5.399839,4.4553704,2.3662186,4.7859607,4.811146,5.5344906,4.6015673,5.143103,4.98468,5.99527,2.2569723,5.7371387,3.6502268,5.3742614,6.0340734,4.1309137,3.8688195,4.4656005,4.7066326,4.3268642,5.4347916,4.7944293,5.950325,4.072428,4.8788743,5.8018103,3.5548077,4.7552524,3.8831658
TCGA-44-8120-01,1.2587451,6.4975123,5.6141243,5.801981,3.4100273,4.150773,6.18974,6.5729995,5.390434,5.4242454,4.680485,5.176821,5.7382197,5.644353,4.4763656,5.007188,5.877693,5.9081273,4.537905,3.9682167,3.6509633,6.498344,3.2494037,4.3721194,4.4408407,6.2015114,4.882724,4.0408,4.4769998,4.4994936,5.0103197,6.662223,5.1947255,4.6639957,4.3432074,5.1297674,4.193179,2.348918,4.810168,4.6157985,5.5702677,4.3542075,5.0963974,4.9087143,6.584868,1.9228698,5.9255176,3.7117682,5.4976006,6.15572,4.34712,3.8284116,4.353244,5.0068913,4.287498,5.692117,4.6405272,5.89237,4.198917,4.9954977,5.813212,3.2671359,4.5568385,3.7068336
TCGA-05-4389-01,4.5870357,5.900643,5.640166,5.720288,3.9671795,4.549547,6.0288596,6.7846355,5.0165358,5.397216,5.0819664,5.0574555,4.9050064,5.5421267,4.148427,4.7526345,5.75884,6.0892453,4.9688454,4.636727,3.5424464,6.7809296,3.4114673,4.6858788,4.5460334,6.0325875,4.600919,4.18715,4.8560777,4.609822,4.8049235,6.508229,5.2650084,4.410325,4.3029804,5.551881,4.603467,2.3700805,4.7680073,4.8238344,5.4979205,4.7778068,5.209661,4.9973383,5.83268,2.4901745,5.752368,3.6429398,5.290191,6.0420732,4.109595,3.9749072,4.531174,4.4701242,4.3176885,5.112795,4.81498,5.9567056,3.9953926,4.806225,5.796389,3.7675738,4.8465457,3.8557134
TCGA-78-7167-01,7.5626564,4.490317,5.415656,5.5592256,4.331881,4.97939,6.199868,6.927072,4.9477215,5.5049534,5.4325337,4.79614,4.6171904,5.092408,3.7888834,4.458313,5.607803,6.1320925,5.4671707,5.2841988,3.716308,6.9428678,3.545785,5.27169,4.728389,5.973392,4.4362583,4.334849,5.169464,4.752887,4.542348,6.3357716,5.3956847,4.323991,4.539309,5.8058085,4.804,2.5293047,4.6311984,4.853514,5.4224257,5.308813,5.5047684,5.048056,5.386404,3.032027,5.7779427,3.8607292,4.9784074,6.186434,4.1343627,4.371951,4.8815765,3.9982963,4.1114655,4.229779,4.663638,5.890397,3.8595984,4.65347,5.722186,4.4151683,5.150221,3.6447864
TCGA-73-4675-01,9.170878,3.8181908,5.4348874,5.2937326,4.6060524,5.145649,6.0558934,7.075387,4.905283,5.283039,5.592166,4.591362,4.4616175,5.2088795,3.641814,4.315585,5.747464,6.1963773,5.6644607,5.443593,3.765856,7.104096,3.83929,5.5404425,4.8633485,5.8415637,4.4524236,4.5408597,5.081396,4.6965923,4.5038815,6.2669835,5.374146,4.384589,4.578054,5.9258723,4.8739996,2.5801919,4.336606,5.132279,5.32011,5.4856515,5.5578656,5.168958,5.337773,3.198954,5.6246414,3.9792218,5.027274,6.0706515,4.092253,4.5081825,5.001806,3.6649299,4.0865254,3.9415834,4.563553,5.668957,3.8488917,4.7202506,5.814239,4.8754215,5.232889,3.5333104
TCGA-05-4382-01,0.5865949,6.8669653,5.556431,5.7101345,3.4423332,4.13117,6.600678,6.8000345,5.189744,5.448222,4.9464145,5.201884,5.519722,5.5641093,4.364636,5.0899677,6.189616,5.6574936,4.2375684,3.9891431,3.8528395,6.4114423,3.3067234,4.501455,4.9180164,6.068201,4.8996863,4.1554995,4.584314,4.3117447,5.168836,6.848428,5.1062875,4.705271,4.5305333,5.202009,4.165698,2.3691328,4.9668183,4.4327865,5.2938,4.6111307,5.35695,5.0740023,6.6055536,2.1548738,5.6385794,4.0891576,5.431378,6.413086,4.500366,3.9566457,4.4026246,4.792331,4.2068405,5.9426255,4.4160056,5.855181,4.3719516,4.927916,5.8765926,3.3624833,4.614892,3.9832985
TCGA-17-Z011-01,7.5550613,4.5661736,5.4667697,5.4933276,4.333492,4.9925494,6.1294775,6.9296656,4.9904804,5.446872,5.4474893,4.821234,4.6071005,5.1717267,3.812064,4.396908,5.6706553,6.166599,5.419619,5.279874,3.6593423,7.0026164,3.5716195,5.2779913,4.748891,5.9663935,4.439075,4.30843,5.1274295,4.755035,4.5647197,6.4116535,5.4291277,4.274978,4.552274,5.782575,4.7848845,2.4856498,4.587794,4.9089518,5.3519077,5.3128996,5.450072,5.0495515,5.4411697,3.0128584,5.735298,3.8802724,4.967571,6.1600337,4.065859,4.360781,4.8794312,4.004492,4.1004043,4.274796,4.6576805,5.825111,3.834064,4.6822624,5.7269564,4.4178033,5.162473,3.6502259
TCGA-44-6776-01,5.102907,5.7142243,5.6294494,5.7668552,4.0464,4.65575,6.005129,6.8025575,4.9144087,5.371651,5.1319337,5.0159197,4.856155,5.4519362,4.0516047,4.6985855,5.6917915,6.082561,5.006694,4.797838,3.534707,6.877582,3.432397,4.737253,4.6029873,6.0055676,4.520492,4.2705917,4.912686,4.642444,4.802918,6.5182314,5.3569126,4.3173637,4.264805,5.6717777,4.656652,2.3542826,4.7597055,4.844679,5.4570923,4.8922286,5.2171183,5.0006304,5.679634,2.5494895,5.675946,3.6500847,5.163452,6.094814,4.0203304,4.007053,4.599338,4.317818,4.3206816,4.9682846,4.8350244,5.9888797,3.9049435,4.763817,5.779912,3.8808951,4.941524,3.8859327
TCGA-64-1679-01,1.4019051,6.516256,5.5546913,5.818527,3.3748004,4.161893,6.082204,6.468794,5.382496,5.429512,4.7836647,5.191464,5.734906,5.6141257,4.460696,4.952816,5.7831655,5.9847183,4.574927,4.0071187,3.5785682,6.564878,3.2532792,4.3596716,4.359793,6.289458,4.840986,4.0768023,4.516735,4.5836153,4.8324533,6.581264,5.2427754,4.66865,4.3352976,5.138264,4.2454867,2.311265,4.7761273,4.663764,5.627006,4.2553067,5.044679,4.8775363,6.5962105,1.8444989,5.977699,3.6771472,5.4988823,6.100253,4.3063426,3.8835874,4.468859,4.980133,4.31031,5.706314,4.738731,5.9056897,4.0961366,5.0407734,5.7755175,3.1727672,4.5290184,3.713208
TCGA-55-7815-01,6.9389443,4.938831,5.4653378,5.60568,4.2533274,4.8943796,6.1585846,6.874615,4.9334035,5.4620767,5.3300633,4.8870845,4.68847,5.211626,3.8853035,4.4880075,5.6151257,6.121811,5.315,5.1394053,3.6394606,6.9577136,3.5083456,5.132352,4.711772,5.9982777,4.42056,4.287381,5.079779,4.7034364,4.6581125,6.4200597,5.4280844,4.2795277,4.442931,5.794011,4.748465,2.463722,4.6472673,4.848717,5.3601503,5.235042,5.372123,5.0243597,5.5018854,2.9295497,5.6901846,3.7810936,5.0593557,6.161243,4.0628953,4.2451587,4.76908,4.090777,4.183195,4.484164,4.6973276,5.911763,3.8410718,4.694098,5.7579865,4.2576637,5.0884776,3.717415
TCGA-05-4405-01,2.3418121,6.3556,5.61712,5.7811027,3.5790505,4.253571,6.077301,6.626014,5.248006,5.416697,4.85617,5.1595654,5.4296856,5.596935,4.3685274,4.8870254,5.795999,6.011435,4.6369925,4.198045,3.5629337,6.638004,3.2655058,4.4216275,4.4803257,6.1567,4.7893605,4.1005845,4.6020484,4.555082,4.8829384,6.622765,5.2333317,4.5601726,4.3363132,5.2275615,4.3435025,2.3397706,4.804096,4.702657,5.598442,4.464829,5.117808,4.946004,6.3312826,2.0564995,5.842359,3.689531,5.417452,6.084696,4.228358,3.8617735,4.451545,4.8447046,4.30696,5.565505,4.7281137,5.9134097,4.110836,4.952627,5.787181,3.3568938,4.6478324,3.8277802
TCGA-93-7348-01,7.7297645,4.463875,5.432555,5.479205,4.332702,5.0230775,6.1287165,6.957573,5.018547,5.496879,5.478845,4.8051353,4.604048,5.1125445,3.7831042,4.4025097,5.682531,6.152837,5.473365,5.3398614,3.6747327,6.964974,3.5451922,5.3434615,4.771792,5.9625063,4.424956,4.2922773,5.1625667,4.720427,4.4939175,6.3526278,5.394826,4.3043036,4.5805616,5.790325,4.804772,2.5162418,4.5891,4.874229,5.351153,5.3235545,5.510905,5.050281,5.3970575,3.0612617,5.753706,3.8937738,4.9699473,6.161873,4.09541,4.389618,4.8950024,3.9649196,4.1005325,4.212723,4.621951,5.8288517,3.846449,4.691554,5.705371,4.416361,5.1615663,3.6105623
TCGA-55-8302-01,0.90508956,6.5843105,5.5561604,5.77616,3.362931,4.0963407,6.292153,6.5667615,5.387362,5.4238563,4.6608043,5.185655,5.795625,5.649704,4.4885345,5.0555696,5.9246573,5.878856,4.426491,3.8988776,3.7114305,6.4591136,3.2538931,4.376428,4.5373893,6.207408,4.8989086,4.131994,4.456417,4.454393,5.082516,6.6660266,5.1810446,4.685657,4.397112,5.1356072,4.152613,2.3754609,4.7765517,4.593108,5.5015073,4.34613,5.1584663,4.9069686,6.6668057,1.9354988,5.8467426,3.7842588,5.5034533,6.2151523,4.4219875,3.834488,4.3571897,5.028314,4.3137646,5.7739882,4.553625,5.87738,4.2957377,5.001983,5.860142,3.2398784,4.546433,3.7263231
TCGA-62-A471-01,7.9869666,4.3299184,5.4262376,5.4489202,4.3831124,5.043415,6.146223,6.973304,4.9691105,5.4500856,5.509255,4.7696877,4.5908766,5.1367226,3.7577374,4.3781605,5.678525,6.1236634,5.499772,5.352861,3.7025895,7.0013175,3.5950282,5.3662863,4.798696,5.97083,4.42577,4.3651814,5.1354876,4.710221,4.496591,6.351174,5.408645,4.293385,4.5473075,5.853932,4.8045077,2.5289712,4.541085,4.9283643,5.3198137,5.36181,5.5224915,5.0798135,5.354989,3.0928345,5.6887183,3.9183462,4.965931,6.1668267,4.089966,4.415709,4.922337,3.915192,4.0887804,4.1887894,4.6007934,5.8069963,3.8462842,4.692777,5.74431,4.5101795,5.1846495,3.6088686
TCGA-44-7667-01,1.7586105,6.53472,5.5616274,5.817877,3.4586723,4.224429,6.062796,6.5500145,5.3027773,5.432853,4.777588,5.1625504,5.58967,5.574085,4.4364934,4.9666157,5.769535,6.003197,4.5922246,4.0842204,3.5477614,6.6192102,3.2386708,4.3851957,4.452173,6.2537065,4.798415,4.0648417,4.5362177,4.567392,4.85744,6.573243,5.2323217,4.658824,4.3348613,5.195503,4.3104963,2.2838008,4.784826,4.6812806,5.622027,4.3364987,5.056683,4.8738866,6.422583,1.8943635,5.8693414,3.6688716,5.47622,6.092559,4.262937,3.8610618,4.4402976,4.924157,4.314531,5.6718507,4.756224,5.909482,4.104186,4.987909,5.795722,3.1975915,4.576632,3.7841713
TCGA-99-AA5R-01,9.443932,3.6088777,5.43894,5.285069,4.6486444,5.1322117,6.0518312,7.1323776,4.81575,5.232449,5.6267486,4.5366282,4.3570933,5.254917,3.64616,4.2838345,5.7355533,6.1841164,5.740867,5.4944158,3.7990253,7.1073065,3.9017117,5.5288115,4.8810005,5.7961574,4.451655,4.571578,5.1153965,4.6990514,4.4691463,6.248475,5.3534126,4.3409095,4.528943,5.9894876,4.9294915,2.6086485,4.334206,5.1575136,5.3211513,5.514712,5.5998435,5.2258563,5.251611,3.2577546,5.606773,4.0467925,5.0067034,6.0607233,4.120733,4.6011124,5.0831113,3.5568273,4.0555367,3.906421,4.5661473,5.6702256,3.8095675,4.6816325,5.8532662,4.945678,5.262012,3.5546315
TCGA-55-6975-01,8.47016,4.138444,5.4087706,5.4510865,4.399512,5.03443,6.229762,7.012329,4.86504,5.4096513,5.568293,4.7324996,4.596754,5.130212,3.7182825,4.379508,5.6905403,6.0590672,5.543778,5.359954,3.7811499,6.9747543,3.6612935,5.368162,4.8447676,6.0022764,4.4289865,4.483307,5.1187186,4.661358,4.515596,6.312231,5.386697,4.290164,4.464536,5.955355,4.8084345,2.5439932,4.5223117,4.9530563,5.2664337,5.3953805,5.57467,5.116753,5.3174148,3.148532,5.610314,3.9456985,4.994926,6.1903234,4.1488385,4.443097,4.9491677,3.7946231,4.1176734,4.188392,4.555525,5.8063617,3.8899574,4.7052183,5.773473,4.6114845,5.174668,3.608542
TCGA-75-5125-01,5.6853747,5.5089674,5.5501037,5.6650786,4.143572,4.7261357,6.052709,6.825829,4.980593,5.449051,5.2210717,4.964289,4.746551,5.358866,3.9556737,4.6137066,5.7049723,6.1339803,5.180924,4.9129663,3.573661,6.8936706,3.4411347,4.9293995,4.646186,5.966041,4.4947906,4.2626266,4.9939637,4.6609592,4.702783,6.407616,5.309138,4.343086,4.40015,5.673404,4.709931,2.4627469,4.6783047,4.8456774,5.461591,5.010985,5.323991,4.9917397,5.5755887,2.7351103,5.7063785,3.7136483,5.168652,6.06095,4.0992894,4.10209,4.6699452,4.235884,4.274471,4.757088,4.7655997,5.9435406,3.944031,4.7684164,5.7587132,4.040804,4.9895096,3.8038466
TCGA-55-8506-01,0.58520305,6.862433,5.5555058,5.704219,3.4448845,4.13178,6.604014,6.8066616,5.189629,5.447589,4.945812,5.200595,5.5163584,5.560914,4.3636823,5.0901895,6.194242,5.6566305,4.233214,3.9919002,3.8563528,6.412351,3.3096452,4.504859,4.926046,6.063026,4.900499,4.1576667,4.5861144,4.308557,5.170368,6.845925,5.102805,4.7063007,4.5345135,5.2029595,4.167675,2.3684976,4.966503,4.43201,5.2894793,4.613804,5.3622093,5.076649,6.602202,2.1601787,5.6346345,4.093247,5.4298673,6.4166136,4.5021133,3.9594102,4.4041286,4.7851796,4.2057543,5.938405,4.411036,5.8519034,4.3760967,4.924789,5.880413,3.3651013,4.6172953,3.9826527
TCGA-49-AARE-01,0.69362414,6.831298,5.601116,5.6964326,3.4648728,4.1362176,6.6685443,6.8032913,5.196079,5.4606557,4.843327,5.229735,5.5784087,5.6163893,4.3510675,5.106721,6.2319293,5.6177177,4.229873,3.9782865,3.8850338,6.348212,3.325192,4.5279765,4.904957,6.0303626,4.907089,4.186941,4.6013293,4.2842016,5.2775016,6.861899,5.1085477,4.6750703,4.515944,5.262951,4.1271715,2.41328,4.9546046,4.4334555,5.2179923,4.6387677,5.3757567,5.0978475,6.6095123,2.22225,5.6302304,4.0291805,5.4115586,6.4522977,4.508851,3.9259834,4.3196445,4.78854,4.2274723,5.8871026,4.3754,5.884207,4.409892,4.9068437,5.911934,3.4050312,4.6309,3.921069
TCGA-62-8402-01,10.007886,3.5597632,5.4007006,5.2357345,4.7282104,5.179483,5.977893,7.188552,4.793572,5.1944623,5.6106567,4.472149,4.311526,5.232303,3.6256797,4.2574067,5.6917663,6.2308617,5.799138,5.5489206,3.8255963,7.1742992,3.9891956,5.621368,4.890801,5.642446,4.4203615,4.5784345,5.1497107,4.733456,4.4354243,6.1801066,5.360415,4.407204,4.5826607,5.9941945,5.01997,2.596362,4.262238,5.218043,5.3758864,5.6048646,5.5880547,5.2157326,5.2574077,3.296528,5.667792,4.0142565,5.046042,6.0147214,4.1304455,4.66862,5.1224914,3.489729,4.019236,3.7632215,4.5715694,5.625757,3.7581778,4.61808,5.8769307,5.0482945,5.276844,3.5193279
TCGA-91-6835-01,8.558947,4.092548,5.4499207,5.400901,4.4888043,5.120115,6.1161313,7.0314045,4.897396,5.3548193,5.5712495,4.7035694,4.5428104,5.172211,3.7278328,4.3387074,5.688358,6.1112456,5.556898,5.377728,3.7240357,7.068501,3.6929047,5.4153633,4.8309593,5.915455,4.4069543,4.4548163,5.1152,4.702737,4.4959154,6.340905,5.4042206,4.2787304,4.513048,5.938815,4.8522305,2.5162222,4.482776,5.0321236,5.2870793,5.4044356,5.53208,5.1192617,5.3235245,3.1285236,5.635749,3.9367852,4.9761877,6.1373057,4.0908127,4.4797997,4.989747,3.773072,4.0554266,4.1005626,4.5936317,5.7519746,3.7923617,4.698738,5.793196,4.6785297,5.2040987,3.5872707
TCGA-67-6217-01,5.308986,5.580188,5.5458093,5.767825,4.06562,4.643407,6.032987,6.782969,5.0112033,5.3417783,5.051827,4.9163747,4.890075,5.3816338,4.0702276,4.7893834,5.6735168,6.0664635,5.074317,4.7693915,3.5534713,6.9273806,3.4728749,4.8011565,4.60152,6.0614586,4.5431714,4.2680173,4.83522,4.663874,4.7564707,6.413922,5.3176227,4.3996835,4.327551,5.6427402,4.613796,2.404809,4.681128,4.8441796,5.493569,4.9007316,5.245468,4.9475446,5.710502,2.5661788,5.64737,3.7603643,5.2029743,6.08702,4.101993,4.027037,4.6142426,4.34911,4.301038,4.9021654,4.7908964,5.931515,3.9677217,4.7851133,5.7728148,3.9520748,4.9474387,3.7556655
TCGA-05-5429-01,9.816972,3.4886038,5.4021907,5.2724833,4.7559,5.2001214,5.9538736,7.268801,4.6912823,5.145728,5.6603446,4.4196196,4.227496,5.301867,3.6542115,4.2785497,5.6847386,6.125744,5.858113,5.5210223,3.8923965,7.1475515,4.019402,5.5758486,4.9509683,5.644057,4.4034967,4.584204,5.133817,4.6996813,4.465787,6.1646423,5.2991157,4.3546734,4.4940414,6.0899153,5.0869927,2.5980382,4.3090944,5.1925883,5.356566,5.5867987,5.600175,5.232179,5.2181544,3.3263113,5.6660366,4.088009,5.086218,5.9983134,4.1788735,4.717932,5.1709576,3.4212723,4.0392447,3.7654207,4.607391,5.6421146,3.739852,4.586726,5.9463115,5.059325,5.286357,3.5674803
TCGA-99-8032-01,2.2854412,6.3077984,5.640435,5.874193,3.5832925,4.2280345,6.058913,6.6047506,5.2639675,5.3982916,4.7893105,5.1091924,5.4305634,5.661816,4.3931355,4.963405,5.7592807,5.999903,4.6285343,4.1211715,3.5918083,6.6439176,3.2458725,4.362857,4.4633408,6.144052,4.7959876,4.0519643,4.538406,4.5736504,4.891723,6.650672,5.237434,4.5517645,4.3248887,5.2159963,4.307178,2.3594317,4.829784,4.6526084,5.616422,4.4806194,5.0817633,4.8824005,6.361039,1.9622303,5.851671,3.70829,5.4017453,6.126744,4.2515016,3.8192003,4.432765,4.9344597,4.2863617,5.6001463,4.729654,5.9547796,4.115506,4.9795966,5.825356,3.3957438,4.6600366,3.838141
TCGA-17-Z025-01,4.256056,6.0310607,5.6359267,5.7787967,3.90477,4.5021067,6.0149837,6.7073145,5.0273376,5.37956,5.022878,5.080247,5.0090055,5.5251913,4.1761866,4.764293,5.719107,6.0694714,4.9277334,4.5773773,3.481582,6.7881975,3.3552134,4.60624,4.4964857,6.0854683,4.611873,4.1977916,4.8064938,4.644094,4.821494,6.5560174,5.296319,4.4081244,4.261363,5.483707,4.548679,2.373874,4.7514157,4.8336215,5.5589585,4.703356,5.1580915,4.9805593,5.8391447,2.4268374,5.72056,3.6118953,5.2850914,6.016814,4.081623,3.9232244,4.5216503,4.5311685,4.3298326,5.1721334,4.8296175,5.9808106,3.9870553,4.8423843,5.7580442,3.6584682,4.8282666,3.8787208
TCGA-55-8614-01,4.637874,5.872132,5.624465,5.6903687,3.9503899,4.627861,6.0350738,6.7799187,4.9979043,5.356336,5.149942,5.055342,4.9712167,5.5336,4.0789857,4.705408,5.756936,6.135655,5.0202074,4.6964126,3.5431485,6.7925296,3.4449587,4.732095,4.5639906,6.0721107,4.5590177,4.2219825,4.8601685,4.6024265,4.83513,6.4982033,5.304531,4.391115,4.269893,5.6076865,4.6288123,2.367841,4.6876497,4.8736033,5.487372,4.8232427,5.216643,4.965334,5.7441726,2.5117042,5.717352,3.610231,5.3004184,5.9996395,4.109117,3.9795964,4.5361695,4.4667735,4.3446565,5.047478,4.786659,5.945037,4.015223,4.774161,5.7888346,3.7785091,4.841986,3.8293116
TCGA-97-8176-01,6.2931175,5.183205,5.5172715,5.646207,4.2239122,4.8157496,6.1144533,6.8042684,4.9597197,5.4409747,5.2619376,4.9506273,4.682095,5.2902584,3.9143546,4.531772,5.638863,6.16988,5.2778044,5.028801,3.5629454,6.9568477,3.4784782,5.0229983,4.628142,5.9767013,4.4396234,4.3279934,5.034088,4.724958,4.7094507,6.4250073,5.415498,4.281484,4.403497,5.7179337,4.7216125,2.4570909,4.628186,4.888904,5.4246902,5.099658,5.3293233,4.994104,5.507166,2.8469725,5.688365,3.7206573,5.068138,6.092196,4.057492,4.173079,4.7415624,4.140996,4.221364,4.5723925,4.744679,5.923817,3.8771248,4.75807,5.72612,4.1799564,5.041456,3.7415407
TCGA-80-5611-01,4.8186884,5.857328,5.620965,5.6964865,4.0172677,4.58055,6.0573506,6.7814083,4.99576,5.41293,5.1240935,5.052952,4.8561163,5.51809,4.0762296,4.704421,5.742885,6.140878,5.034449,4.7055235,3.5439057,6.79328,3.4078598,4.747039,4.5486073,5.998005,4.5714087,4.240252,4.8979583,4.61833,4.8391,6.4749317,5.304183,4.364083,4.319319,5.589064,4.610777,2.416234,4.7227635,4.829975,5.473615,4.867777,5.2286844,5.015467,5.786294,2.5949883,5.7165527,3.6441677,5.2732844,6.0327826,4.098507,3.963351,4.5205927,4.4331503,4.359963,5.0367193,4.800744,5.9701967,4.015477,4.7844486,5.7781906,3.8333373,4.878591,3.8353171
TCGA-67-3773-01,7.949033,4.333244,5.435983,5.442657,4.3863845,5.0398498,6.132494,6.9760547,4.9768515,5.434837,5.5113134,4.7635055,4.573365,5.1408153,3.7625544,4.3768682,5.695914,6.142435,5.5026655,5.3539624,3.6899548,7.0076013,3.6038685,5.3644924,4.798548,5.9694915,4.430303,4.353707,5.135031,4.7140765,4.5001664,6.357519,5.404862,4.2929916,4.5531473,5.844654,4.804199,2.5245576,4.5355253,4.931055,5.3238254,5.3581123,5.512833,5.07994,5.3640437,3.0936844,5.689796,3.9287322,4.9654794,6.155899,4.084547,4.413873,4.9239554,3.9124122,4.0918956,4.183923,4.6060295,5.7977605,3.8430443,4.6958857,5.7388,4.5055156,5.1860366,3.6128376
TCGA-67-6216-01,9.919348,3.5597527,5.415367,5.2420177,4.7654934,5.2126546,5.977692,7.1914067,4.804327,5.194317,5.6464252,4.466272,4.3573084,5.2497997,3.6338284,4.2805085,5.750945,6.186289,5.78143,5.5312314,3.8249626,7.143308,3.96574,5.6292934,4.9019012,5.7118397,4.439405,4.610957,5.1164393,4.682948,4.434088,6.1923356,5.3406787,4.4183564,4.5580893,6.0096416,4.9810295,2.592416,4.2768307,5.209968,5.3314333,5.561211,5.6149607,5.213481,5.2952514,3.2921207,5.6316614,4.0123715,5.0734334,6.0206513,4.1491995,4.633058,5.09801,3.4958215,4.040074,3.7925527,4.5357423,5.615944,3.8006446,4.6773024,5.8686047,5.012805,5.2461915,3.4999306
TCGA-17-Z007-01,8.945017,3.9039164,5.4380317,5.3748083,4.5445943,5.1730723,6.106742,7.0761657,4.845663,5.3235474,5.63675,4.6487184,4.507678,5.193824,3.662483,4.3320594,5.73553,6.154579,5.657639,5.4039917,3.7627149,7.0608788,3.783015,5.4891148,4.86281,5.8963776,4.3871846,4.549066,5.1246557,4.677822,4.5306163,6.278213,5.3637094,4.3057017,4.5001636,5.9899764,4.898118,2.5206785,4.436353,5.065014,5.2669644,5.427487,5.564258,5.131062,5.3169003,3.1883948,5.6244636,3.947864,5.020492,6.0964603,4.128146,4.511426,5.0132933,3.6380186,4.0848827,4.0258923,4.571831,5.722263,3.8104317,4.719321,5.7876983,4.7777133,5.1996384,3.5514882
TCGA-97-A4M3-01,4.797991,5.862134,5.6687293,5.745835,4.0027504,4.5926776,6.0096025,6.77775,4.9569883,5.3466687,5.126135,5.058431,4.873622,5.4997416,4.1023636,4.6916137,5.7174273,6.064837,4.9566274,4.739509,3.5072017,6.8461757,3.4215095,4.672981,4.5688806,6.040008,4.552231,4.23639,4.885782,4.6373043,4.7822957,6.5625443,5.3248286,4.325232,4.2512074,5.587126,4.6273146,2.3597867,4.7828913,4.8711843,5.469429,4.832349,5.2092648,5.026046,5.7008753,2.5304868,5.7024264,3.6475117,5.194634,6.058035,4.0347595,3.991487,4.578448,4.391204,4.316417,5.0386314,4.849297,5.9728613,3.9268234,4.782484,5.7732363,3.8163025,4.9020996,3.894433
TCGA-49-4486-01,6.077528,5.299025,5.5143304,5.6698236,4.1642537,4.8215847,6.06846,6.80585,4.9994845,5.424932,5.185155,4.944785,4.7335644,5.270458,3.925808,4.58169,5.6494946,6.1821203,5.255263,4.9786863,3.5494235,6.9778,3.4673276,5.0195904,4.6509113,5.9601817,4.4219546,4.289593,5.001109,4.69985,4.704989,6.379473,5.373127,4.310178,4.3909516,5.715963,4.730075,2.435141,4.609576,4.8790674,5.4214883,5.06553,5.317561,4.941104,5.5136175,2.7680793,5.6608586,3.7075589,5.103019,6.083049,4.0780663,4.1474686,4.722038,4.1463714,4.23759,4.618152,4.736837,5.916301,3.89818,4.757576,5.73009,4.1099153,5.016704,3.7319539
TCGA-67-6215-01,7.7163615,4.44892,5.425214,5.489088,4.325155,5.0253677,6.192043,6.932141,4.9820247,5.485233,5.466369,4.8174343,4.638104,5.0976715,3.77838,4.3870173,5.639805,6.122038,5.4616337,5.32683,3.6895175,7.001118,3.5627258,5.3235044,4.775971,5.9820337,4.404364,4.333268,5.156626,4.7423887,4.5171604,6.3717694,5.4337873,4.2738233,4.547201,5.831921,4.8011584,2.5128617,4.583716,4.8953576,5.3440495,5.3604984,5.500036,5.0448165,5.3645873,3.0612826,5.717917,3.8834062,4.950641,6.185475,4.0967436,4.408381,4.9157505,3.962014,4.0793514,4.232264,4.612386,5.8363943,3.8264399,4.6653233,5.723616,4.4554033,5.171356,3.619978
TCGA-97-7553-01,9.853511,3.503318,5.4340324,5.2480884,4.7561297,5.1871824,5.960547,7.246816,4.7343907,5.1428623,5.624722,4.4506946,4.2817206,5.29401,3.6392484,4.2642813,5.6882076,6.105733,5.825206,5.51144,3.8587997,7.147461,3.980693,5.561711,4.969109,5.7019653,4.412628,4.575739,5.0810394,4.652553,4.4504194,6.1955557,5.3250184,4.3631406,4.4783926,6.0799804,5.0300713,2.6209164,4.299445,5.235921,5.3091288,5.586751,5.592431,5.24327,5.1858335,3.3481214,5.604477,4.0405836,5.072063,6.010378,4.1498194,4.66348,5.110596,3.4510362,4.050328,3.768142,4.5904484,5.632169,3.7629716,4.638869,5.947947,5.058298,5.277877,3.555805
TCGA-50-5936-01,7.57979,4.5665374,5.4202814,5.50746,4.3302684,4.988678,6.167674,6.915291,4.9713926,5.4862394,5.476915,4.810826,4.607304,5.1398573,3.7875128,4.403879,5.6695957,6.137388,5.4491487,5.2927613,3.6738186,6.9837794,3.5467455,5.2879586,4.7571964,6.021399,4.4297743,4.3282948,5.133693,4.7269883,4.543939,6.3812127,5.420925,4.2725143,4.5312066,5.83096,4.76807,2.5144315,4.5754333,4.8690095,5.3402257,5.3089447,5.474868,5.0568614,5.376454,3.0387716,5.6893525,3.8860197,4.9719076,6.17337,4.0690575,4.3540826,4.8801985,3.9859571,4.118556,4.2918134,4.632219,5.856186,3.8468254,4.706876,5.7278876,4.4064736,5.1654234,3.6537147
TCGA-69-A59K-01,1.6660844,6.4303565,5.6301026,5.7997513,3.4565003,4.200109,6.008378,6.605221,5.4186316,5.3964844,4.6906023,5.130401,5.588668,5.575229,4.477371,4.986489,5.831324,6.027296,4.651388,4.049777,3.5642955,6.6204743,3.2739587,4.3548827,4.355639,6.21216,4.8798556,3.9374025,4.4818196,4.5471325,4.8841896,6.572591,5.1299963,4.7172184,4.305196,5.11769,4.280524,2.282354,4.8219757,4.6524487,5.713594,4.2746835,5.059065,4.8755603,6.4181104,1.8735802,5.984527,3.6687934,5.5110326,6.05045,4.279384,3.8444078,4.420121,4.965441,4.248187,5.6438317,4.7176867,5.8534403,4.132842,4.9895396,5.769962,3.2397463,4.564833,3.7150102
TCGA-44-3919-01,9.673939,3.7140934,5.397536,5.29252,4.6920576,5.205141,6.0476904,7.163348,4.772508,5.2196264,5.713059,4.5221086,4.395775,5.184051,3.6467688,4.2913637,5.717092,6.149882,5.7498426,5.4744086,3.8288457,7.1269617,3.928896,5.567225,4.912604,5.781588,4.389603,4.590291,5.1242332,4.696566,4.4907255,6.2436914,5.375908,4.37067,4.546322,6.0470314,4.9888916,2.557395,4.333601,5.1611834,5.3150897,5.550173,5.5748444,5.1839676,5.3045306,3.260145,5.6325216,3.994009,5.080642,6.046643,4.1563087,4.6355324,5.094021,3.4977095,4.03628,3.8686805,4.5635824,5.6569963,3.7455966,4.6636205,5.8780975,5.016448,5.2381897,3.5263681
TCGA-50-5044-01,6.9491873,4.839887,5.4928894,5.5730963,4.2702093,4.910903,6.1500654,6.90595,4.9555025,5.4632254,5.3488054,4.893741,4.66266,5.176167,3.8661385,4.461139,5.632183,6.142745,5.350814,5.183552,3.6257637,6.95463,3.5221527,5.170637,4.7120695,5.923391,4.404344,4.2976007,5.124741,4.716385,4.6155987,6.3988795,5.4072104,4.2806525,4.4692354,5.768789,4.7898865,2.463575,4.645836,4.886351,5.3626065,5.2413964,5.4112034,5.0381064,5.4676533,2.969734,5.7319574,3.786731,5.02368,6.142898,4.08746,4.310893,4.828358,4.000268,4.14505,4.3905106,4.6976304,5.8859205,3.8130016,4.6973615,5.7314606,4.325177,5.092458,3.6913579
TCGA-44-8119-01,0.79655087,6.673487,5.460631,5.7547398,3.30793,4.0842004,6.256851,6.5028634,5.40462,5.486061,4.8092766,5.2067966,5.733584,5.533428,4.4776006,4.9969783,5.879652,5.9249754,4.440608,3.9321158,3.6630275,6.468005,3.1899028,4.410633,4.5260067,6.2942514,4.8895593,4.1391563,4.4971414,4.477012,4.9333053,6.6343884,5.1882386,4.76233,4.455963,5.0617065,4.171257,2.3652155,4.7749906,4.5765185,5.5943036,4.286025,5.1588626,4.9144883,6.716358,1.9067099,5.8788657,3.8254282,5.5328565,6.1758466,4.4225364,3.8903291,4.453245,5.005097,4.3090506,5.78813,4.5873194,5.8620877,4.253426,5.0560694,5.76511,3.1156485,4.508156,3.7998352
TCGA-95-7043-01,0.43908906,6.846953,5.495176,5.6985497,3.3679304,4.0861907,6.5154934,6.7186975,5.283141,5.462077,4.889458,5.202541,5.598865,5.5232806,4.4144216,5.074483,6.117391,5.742513,4.252061,3.9424202,3.8161833,6.4230647,3.26561,4.471324,4.838226,6.139391,4.9165025,4.1530943,4.546258,4.3413987,5.1075797,6.774574,5.1040015,4.7615786,4.5447564,5.1198473,4.1563206,2.364384,4.907585,4.451807,5.390514,4.491033,5.3233275,5.023688,6.68007,2.065407,5.701694,4.0374765,5.4747663,6.356653,4.5119586,3.9505045,4.4305396,4.8589616,4.2299356,5.9264584,4.4301763,5.829858,4.3740916,4.970324,5.848471,3.2508273,4.570029,3.9408104
TCGA-55-8085-01,4.193893,6.017105,5.6539903,5.7596917,3.9041314,4.5022063,6.042815,6.731686,5.0432153,5.369276,5.020173,5.0842524,4.985657,5.5424166,4.1647344,4.7784553,5.761865,6.0925703,4.9032435,4.567694,3.4983435,6.7960205,3.3843634,4.616001,4.528643,6.075494,4.620767,4.1807384,4.8024235,4.6177807,4.8628755,6.5625453,5.282307,4.4157634,4.2858324,5.4912896,4.5413184,2.3707457,4.7567725,4.8217616,5.5283937,4.7299433,5.1787987,4.9837084,5.847028,2.4274485,5.6986794,3.6442146,5.2804203,6.033125,4.092724,3.9182732,4.507755,4.539619,4.3256054,5.200567,4.8015985,5.958788,4.0274973,4.8222685,5.7750907,3.6807914,4.8337116,3.8722203
TCGA-55-8508-01,5.607609,5.5082974,5.5452385,5.683347,4.1033387,4.727506,6.0831237,6.8121443,4.9789305,5.4250164,5.2027745,4.978659,4.810377,5.362517,3.9727628,4.626606,5.69749,6.1264076,5.147734,4.8794036,3.5843785,6.899158,3.4510381,4.9077573,4.645517,5.9951224,4.4936337,4.266318,4.9630775,4.6591916,4.731642,6.435951,5.334389,4.342386,4.367322,5.6831613,4.685659,2.4368174,4.677916,4.8433547,5.4454155,4.999561,5.306826,4.9827266,5.6006923,2.6890674,5.6900125,3.7116377,5.167822,6.081019,4.099046,4.093347,4.662101,4.270217,4.2692447,4.8023906,4.7487473,5.9405875,3.9489324,4.754016,5.766634,4.01742,4.9742794,3.8005717
TCGA-05-4424-01,0.6685113,6.684722,5.447007,5.744796,3.308822,4.057983,6.3230476,6.5250235,5.411605,5.4686904,4.8197985,5.201467,5.7234583,5.555388,4.4638705,5.02844,5.928416,5.9113536,4.4020095,3.891457,3.7133918,6.462731,3.2139251,4.4118056,4.569066,6.2497597,4.907369,4.1617775,4.4865804,4.45538,5.004932,6.641295,5.1646633,4.7474194,4.480672,5.0605745,4.1473875,2.392453,4.770446,4.54637,5.5698524,4.305208,5.198225,4.9117813,6.7495575,1.9369463,5.840678,3.8793924,5.5262074,6.208324,4.464494,3.8904624,4.4575768,5.0204625,4.3080673,5.834699,4.53018,5.8501306,4.3201723,5.045586,5.7970405,3.1530914,4.5180993,3.8148997
TCGA-44-6146-01,9.979173,3.4989927,5.392354,5.2378526,4.8330107,5.275877,5.914439,7.28472,4.7107034,5.143492,5.661804,4.406273,4.304835,5.286104,3.6358662,4.2674885,5.6848655,6.1166425,5.863656,5.547105,3.8906226,7.1700416,4.0192976,5.652047,4.970116,5.654968,4.3843656,4.633949,5.1020217,4.6562,4.434476,6.1449437,5.3252144,4.4105625,4.499242,6.1109076,5.0963664,2.5924814,4.2674813,5.2480917,5.328434,5.6261168,5.59902,5.2068305,5.2097373,3.3604596,5.6547728,3.9993355,5.1380405,5.9711223,4.1721554,4.677755,5.1136827,3.4325264,4.054591,3.707033,4.579663,5.6100526,3.7607944,4.6156244,5.947122,5.0841265,5.2688437,3.5163856
TCGA-35-5375-01,2.1734912,6.3745265,5.611786,5.8147635,3.544067,4.212741,6.025788,6.590692,5.303487,5.349769,4.7808785,5.1194463,5.5310373,5.6589513,4.440311,4.9306784,5.776663,6.00712,4.6812515,4.0841103,3.5623028,6.6794915,3.3028657,4.342272,4.391462,6.198922,4.826689,4.044958,4.4986467,4.6052256,4.8645687,6.5994453,5.211921,4.5881534,4.2727165,5.1786118,4.31858,2.3205562,4.77868,4.7356944,5.653459,4.3695326,5.0540233,4.8878517,6.3711863,1.9521381,5.8994646,3.6825547,5.4879208,6.025326,4.2482805,3.8509097,4.4575877,4.961771,4.293842,5.6603565,4.7687836,5.880959,4.0975633,4.9612603,5.8135276,3.368321,4.611649,3.758917
TCGA-38-4626-01,3.8960047,6.037206,5.6518397,5.787732,3.8866498,4.4616313,5.991376,6.724299,5.0841985,5.37268,4.94225,5.0642095,5.033733,5.5493383,4.20471,4.8071074,5.723442,6.1032186,4.897961,4.510066,3.4814415,6.800807,3.3452563,4.570572,4.4877887,6.0666885,4.6422973,4.148496,4.7556396,4.623592,4.8777184,6.539084,5.2862616,4.4324384,4.2862606,5.4476976,4.5227847,2.3595364,4.7589116,4.806177,5.5753407,4.6940784,5.132301,4.962632,5.951286,2.3561928,5.732058,3.6388264,5.2986846,6.021884,4.085941,3.887832,4.486274,4.581093,4.339223,5.2314277,4.8326635,5.957895,4.006766,4.8478584,5.7788534,3.6394787,4.8133597,3.8500767
TCGA-55-8513-01,10.180501,3.2406073,5.449806,5.2333527,4.982102,5.2468414,5.809536,7.382537,4.594812,5.006538,5.696267,4.2582946,4.105728,5.4479694,3.6306243,4.328396,5.7833447,6.1337485,5.9400644,5.494312,3.9298406,7.15668,4.165207,5.633081,4.934452,5.509423,4.4770675,4.7066693,5.086841,4.6406775,4.495422,6.0805297,5.170846,4.4262357,4.450593,6.154783,5.0995364,2.6243906,4.2529907,5.2826176,5.380044,5.5297794,5.6446905,5.3497066,5.306173,3.336364,5.6125264,4.1405435,5.162173,5.9434137,4.21874,4.7663403,5.2138033,3.230816,4.026295,3.660108,4.6056128,5.580406,3.7320974,4.640975,6.021488,5.2168856,5.2678695,3.5436833
TCGA-L4-A4E5-01,3.0400147,6.2162714,5.6489463,5.8418107,3.7240598,4.3577237,5.969983,6.62315,5.1517615,5.358225,4.871275,5.08839,5.2279243,5.6285186,4.289259,4.903691,5.7588506,6.077981,4.7606277,4.300837,3.492306,6.7535253,3.31916,4.43822,4.4366183,6.1637273,4.728072,4.106034,4.6243763,4.611729,4.862422,6.5710335,5.2341633,4.520109,4.2735567,5.3460655,4.416714,2.3515985,4.761137,4.776914,5.6288056,4.489353,5.0820794,4.9172487,6.0671124,2.1000078,5.7595544,3.626625,5.387131,6.0315633,4.1368003,3.8306074,4.458491,4.7854886,4.322458,5.491919,4.807811,5.960121,4.0638614,4.940887,5.8062115,3.4684339,4.7286615,3.8646448
TCGA-86-7955-01,3.6875672,6.148572,5.6163454,5.7350035,3.7751367,4.424376,6.127081,6.701967,5.146214,5.3702803,4.9748282,5.1173477,5.090509,5.5622106,4.2238746,4.795867,5.81656,6.073326,4.8533154,4.405318,3.545324,6.758207,3.3727014,4.578131,4.531853,6.1266932,4.6750393,4.1212053,4.7366757,4.599676,4.871231,6.599785,5.2370253,4.482961,4.317076,5.38801,4.47115,2.372204,4.7691517,4.775264,5.5318737,4.6619406,5.190026,4.9517245,6.014562,2.3285525,5.7440424,3.691169,5.3539643,6.034345,4.1817346,3.9350367,4.5112824,4.661501,4.288899,5.364798,4.7431474,5.906425,4.0859113,4.8329177,5.776068,3.596999,4.76607,3.845155
TCGA-91-6831-01,3.586792,6.116231,5.6490555,5.800246,3.8340964,4.3616834,6.0420666,6.6667438,5.100955,5.3999033,4.9707694,5.1183295,5.094825,5.59345,4.2551117,4.807479,5.7266917,6.051724,4.811702,4.430858,3.5028718,6.7309346,3.298803,4.5135036,4.4593587,6.0909142,4.6931605,4.1567883,4.7216716,4.623785,4.85457,6.6024055,5.2808094,4.4172115,4.282569,5.378366,4.4380383,2.4023833,4.8134127,4.7835293,5.5706034,4.63985,5.1291647,5.011725,6.0505466,2.3161848,5.7687883,3.6522815,5.336,6.0568295,4.1020703,3.8595097,4.4483185,4.6931877,4.338712,5.3386445,4.8411193,5.9838476,4.0201035,4.8805933,5.772145,3.5854714,4.78472,3.8839374
TCGA-MP-A4SW-01,9.298515,3.6810083,5.4380946,5.2965393,4.6396513,5.095362,6.0827017,7.1159143,4.7862487,5.225729,5.6131682,4.5260477,4.398823,5.245181,3.6568015,4.2945523,5.7198834,6.156647,5.711098,5.448377,3.8170023,7.111976,3.9051852,5.4839377,4.866344,5.8193,4.4689994,4.627116,5.10714,4.7214737,4.4910274,6.253937,5.3417487,4.3147044,4.503777,5.9856067,4.926351,2.61503,4.3377824,5.149837,5.335211,5.50365,5.5949035,5.229674,5.2351336,3.2153888,5.6207666,4.047252,4.9994826,6.078327,4.1327276,4.615461,5.103819,3.5886333,4.0552497,3.9677093,4.583601,5.686297,3.8015895,4.6597757,5.8742685,4.905289,5.2689614,3.5776312
TCGA-73-7499-01,9.183873,3.8984902,5.4651923,5.311092,4.5690107,5.098703,6.063014,7.0925536,4.8504677,5.2527146,5.633775,4.633133,4.48646,5.2252855,3.6852264,4.2971826,5.761019,6.156825,5.643325,5.397032,3.7538824,7.063434,3.7960474,5.4561143,4.8972936,5.887108,4.4112334,4.5565457,5.0893445,4.667085,4.520913,6.3236604,5.380203,4.3038507,4.495567,5.9532185,4.892848,2.5386236,4.3656874,5.12724,5.2375712,5.4449353,5.553159,5.162441,5.31024,3.2201707,5.593373,3.9688563,5.013498,6.08834,4.106799,4.5320086,5.0249486,3.63731,4.091853,4.014629,4.5786486,5.690579,3.8057225,4.7156243,5.829085,4.8288074,5.224425,3.5761561
TCGA-49-4494-01,5.5312114,5.610289,5.61304,5.7009673,4.1278954,4.6635976,6.0236588,6.8347926,4.941071,5.4015846,5.2143965,4.9826374,4.779636,5.45693,4.0199046,4.6920424,5.7244153,6.0696893,5.086323,4.840022,3.5759661,6.844633,3.4698122,4.808667,4.609266,5.9832563,4.5504293,4.2847404,4.947028,4.6349998,4.728456,6.4544334,5.284677,4.368929,4.335632,5.6487794,4.6884484,2.4224753,4.7398663,4.8806996,5.486407,4.9061613,5.3033757,5.0232253,5.642914,2.6527696,5.7310305,3.6744413,5.198665,6.0580325,4.0973296,4.0670657,4.636204,4.2893925,4.295701,4.8763795,4.805386,5.954451,3.9543839,4.7868953,5.7838254,3.9818769,4.941787,3.8334908
TCGA-91-7771-01,5.2135625,5.7511563,5.603035,5.7263455,4.0603037,4.659091,6.074302,6.7853546,4.998422,5.401982,5.1391683,5.0353336,4.829691,5.399256,4.044628,4.7035904,5.6964674,6.1585755,5.088145,4.802042,3.526734,6.8613033,3.4378955,4.8043995,4.5650454,5.999625,4.5169444,4.1942024,4.9351625,4.6763167,4.8311186,6.4896665,5.351325,4.3578267,4.3322535,5.622214,4.637092,2.3774261,4.744484,4.813031,5.471219,4.946977,5.2204084,4.969296,5.6976476,2.6431005,5.696235,3.6715713,5.189441,6.0705643,4.070252,4.018979,4.569499,4.3679833,4.2950773,4.876601,4.8121142,5.9619846,3.957625,4.7373857,5.7504144,3.9008238,4.924317,3.8172796
TCGA-95-A4VP-01,7.1750174,4.7313776,5.455744,5.5447173,4.286899,4.9606733,6.1762605,6.9078135,4.9831877,5.5070877,5.3962917,4.878199,4.651597,5.1278276,3.8309116,4.422091,5.619144,6.153143,5.394769,5.255157,3.6464152,6.959836,3.520126,5.244906,4.7202396,5.941818,4.399927,4.285184,5.1594663,4.7397532,4.587369,6.3983984,5.4360824,4.281542,4.5286655,5.7708898,4.791461,2.4762483,4.637228,4.8650684,5.3625655,5.2991757,5.4408507,5.0434237,5.4616213,3.013977,5.759116,3.8107927,4.9801073,6.1683493,4.0799007,4.345675,4.8532157,3.9889302,4.114691,4.301079,4.6708155,5.875416,3.803697,4.681041,5.7097363,4.368503,5.124734,3.6512115
TCGA-44-6148-01,10.162844,3.2668648,5.4244986,5.2411256,4.983911,5.2680206,5.8194757,7.3743997,4.5924444,5.0194445,5.7487497,4.2593775,4.126569,5.411702,3.631903,4.3373,5.7974153,6.1577888,5.937678,5.489102,3.9381454,7.1642313,4.1727214,5.657181,4.929397,5.5283217,4.463293,4.7426186,5.1044483,4.6698623,4.523263,6.0788865,5.178566,4.417311,4.477784,6.1542196,5.1197805,2.5951607,4.245405,5.2617726,5.392827,5.536804,5.628966,5.3157144,5.338871,3.316926,5.649808,4.136988,5.1785727,5.941518,4.221058,4.766182,5.2253947,3.249521,4.0355005,3.655537,4.61066,5.582037,3.7261949,4.6265974,6.002528,5.221616,5.270229,3.5352094
TCGA-50-6673-01,8.392434,4.199694,5.4185524,5.404507,4.4377484,5.067786,6.123321,7.036572,4.9378424,5.3888965,5.545732,4.714334,4.524763,5.155459,3.7295532,4.3434386,5.720714,6.203157,5.5889173,5.4088087,3.7111936,7.0161037,3.699285,5.446191,4.830618,5.886454,4.403797,4.3851743,5.162296,4.6898623,4.4914217,6.32554,5.403901,4.345534,4.5630503,5.881911,4.865411,2.5129395,4.4758797,4.984286,5.305813,5.4122744,5.5297694,5.103196,5.3770456,3.172554,5.6853156,3.9280381,5.0126877,6.1053066,4.1083164,4.4637666,4.9510183,3.7698336,4.0883546,4.083585,4.5783005,5.757401,3.824722,4.702058,5.7375855,4.623261,5.1764884,3.5765617
TCGA-55-7995-01,0.81243265,6.630344,5.4267087,5.7556667,3.3178897,4.0678086,6.2621922,6.5110807,5.415009,5.4559674,4.867421,5.1740885,5.680735,5.5417194,4.468367,5.0088964,5.8816085,5.9515066,4.4419637,3.915629,3.6867063,6.505912,3.210083,4.4047337,4.5458264,6.2724123,4.892812,4.160986,4.477048,4.484475,4.9352975,6.6146016,5.1769094,4.743792,4.4758167,5.043944,4.1777387,2.38149,4.747758,4.5721326,5.618567,4.292638,5.178797,4.888615,6.7238207,1.9172523,5.8550935,3.8907,5.533401,6.1689343,4.4471674,3.89852,4.504623,5.0265007,4.313638,5.809521,4.5638127,5.840001,4.293667,5.0590744,5.7785425,3.1600404,4.5203886,3.82369
TCGA-69-7979-01,0.34721172,6.876528,5.4792023,5.686965,3.374889,4.091071,6.537669,6.7704716,5.2530746,5.451171,4.9756866,5.1816688,5.5377984,5.492601,4.4070983,5.07946,6.147813,5.7192316,4.2180543,3.9609592,3.837269,6.4434443,3.2770798,4.482414,4.9182425,6.122403,4.91518,4.1489325,4.5504017,4.323148,5.0749574,6.793832,5.0883284,4.774037,4.574496,5.107965,4.177471,2.3412058,4.9369745,4.4293785,5.376672,4.5314627,5.3532987,5.038623,6.667884,2.0758452,5.6694245,4.1317935,5.470318,6.379373,4.5271297,3.9847856,4.4790125,4.81864,4.2047424,5.9617095,4.4149766,5.805383,4.3800464,4.9625354,5.849741,3.2706125,4.578534,3.994347
TCGA-44-6775-01,9.253883,3.8244162,5.4456024,5.326074,4.5808153,5.117879,6.082072,7.116843,4.8171406,5.252817,5.647954,4.599669,4.4303617,5.215231,3.6783814,4.2960114,5.7623644,6.1716056,5.6862392,5.4403367,3.776261,7.071912,3.8474114,5.481432,4.8909283,5.8491235,4.4111705,4.5543795,5.127896,4.6811366,4.5038886,6.288536,5.361256,4.30756,4.4954076,5.984772,4.927685,2.5460231,4.3775396,5.1082172,5.273361,5.465626,5.5772986,5.1753526,5.2951026,3.2328153,5.6105857,3.99889,5.0210295,6.0780473,4.1355658,4.5784864,5.0673633,3.5718477,4.078616,3.9905176,4.56437,5.6925063,3.7895124,4.697779,5.8225985,4.844739,5.220934,3.5682244
TCGA-55-A490-01,0.32768416,6.865768,5.4645543,5.6863146,3.355118,4.081983,6.512973,6.7476325,5.278098,5.455625,4.9611135,5.179669,5.559145,5.4828787,4.4222174,5.0759573,6.126837,5.739154,4.225678,3.9506707,3.8271353,6.441865,3.2655864,4.4769278,4.894979,6.146392,4.9179997,4.1489725,4.538924,4.3300123,5.059826,6.776562,5.09071,4.7903695,4.576486,5.0890155,4.1745353,2.3400042,4.920145,4.436499,5.4009714,4.5031905,5.342929,5.024417,6.6872535,2.0523837,5.6893415,4.1169796,5.4825997,6.3643637,4.530274,3.9825244,4.4839516,4.83788,4.2119637,5.951039,4.420287,5.79992,4.3781557,4.9760485,5.839748,3.2444763,4.5661488,3.9808073
TCGA-86-8073-01,0.636436,6.8556447,5.5915875,5.7041745,3.4585104,4.136181,6.6488633,6.8179646,5.184528,5.451552,4.8903046,5.2148876,5.5485325,5.5981765,4.3593893,5.1064267,6.225431,5.6184797,4.2230043,3.9827282,3.8779697,6.3724647,3.3208783,4.515175,4.9263206,6.0393357,4.905074,4.167704,4.5908737,4.2879004,5.2368503,6.870074,5.1049647,4.686704,4.5208054,5.2400703,4.1436653,2.3889208,4.97135,4.428424,5.237545,4.6413064,5.3709893,5.093162,6.603191,2.1958253,5.627395,4.066028,5.4183273,6.44479,4.506766,3.93873,4.3507843,4.786174,4.213026,5.9188113,4.389631,5.870829,4.3945966,4.9108043,5.901624,3.397725,4.6266937,3.9533074
TCGA-86-7953-01,9.470183,3.754677,5.445127,5.296197,4.699485,5.173204,5.930202,7.224133,4.7784624,5.1773596,5.576318,4.5037026,4.3056293,5.335983,3.7111704,4.29921,5.735802,6.1622243,5.7590165,5.487738,3.8152218,7.1019473,3.9212136,5.541849,4.909986,5.668106,4.4141703,4.543422,5.121159,4.6584554,4.470796,6.20141,5.311995,4.3702307,4.474,6.0025334,5.0215483,2.5509026,4.3281255,5.1587257,5.3087807,5.4973736,5.5843034,5.1841383,5.308427,3.2851272,5.657983,4.021012,5.087126,6.0048203,4.1506286,4.6117578,5.0801454,3.5250173,4.0870523,3.8492146,4.5898952,5.6510572,3.7975526,4.640874,5.88723,4.875307,5.2281275,3.5692813
TCGA-17-Z013-01,9.448018,3.5680852,5.445833,5.2822156,4.645147,5.1702557,6.007864,7.139347,4.847083,5.2559366,5.590338,4.5378046,4.390151,5.2544613,3.6282916,4.286677,5.7558074,6.2041,5.7486086,5.513843,3.7836986,7.119026,3.8785985,5.5559907,4.8687077,5.7841372,4.4472756,4.5953236,5.1170225,4.6914263,4.4648075,6.2051945,5.322115,4.331158,4.5233,5.980487,4.937962,2.5921168,4.3276777,5.1537104,5.301935,5.503511,5.601632,5.194699,5.238123,3.2574613,5.6335187,4.0105896,5.002192,6.048083,4.100792,4.5573716,5.063372,3.5899382,4.091956,3.8588972,4.568553,5.664258,3.8466737,4.6874337,5.814873,4.883453,5.2618003,3.5382714
TCGA-49-AARN-01,0.7703609,6.60577,5.5553565,5.767703,3.3429193,4.090227,6.340244,6.632581,5.3831916,5.401579,4.7126193,5.1627393,5.7969875,5.6468563,4.4964366,5.08796,5.977425,5.829937,4.3667836,3.8789625,3.7670887,6.457329,3.2843597,4.3774405,4.6193094,6.166369,4.909032,4.119044,4.4351583,4.425627,5.102577,6.6919446,5.172634,4.6813793,4.423295,5.1241126,4.1528673,2.3417382,4.809975,4.551356,5.4573,4.398779,5.182354,4.9113817,6.712325,1.9256586,5.835387,3.8871489,5.498395,6.2680454,4.4560556,3.8650029,4.389106,5.0143433,4.2895446,5.8206186,4.5232863,5.847851,4.3141685,4.988425,5.8844805,3.279878,4.545362,3.7365031
TCGA-64-1681-01,8.684817,4.0150285,5.419737,5.352226,4.534536,5.1383576,6.084211,7.0421,4.913815,5.357636,5.5892186,4.661574,4.5354514,5.1680975,3.7058527,4.3271155,5.724325,6.133785,5.5905323,5.430111,3.7503505,7.0753584,3.7265127,5.464903,4.8537736,5.922588,4.424604,4.510518,5.1150513,4.710833,4.482542,6.2950006,5.3891325,4.293646,4.539831,5.9224496,4.8694253,2.5417924,4.420426,5.036526,5.294546,5.450164,5.5594897,5.1021852,5.314515,3.1628819,5.6594696,3.9544184,5.0071125,6.115531,4.1003428,4.4920416,4.9976816,3.7860382,4.096174,4.0614414,4.554445,5.720448,3.8469362,4.6921616,5.7862353,4.67153,5.2188087,3.5623746
TCGA-50-8460-01,9.982451,3.4201527,5.4547286,5.2308674,4.8731503,5.2526975,5.8850975,7.3065963,4.6792846,5.059583,5.7590017,4.389747,4.2102704,5.3616886,3.6327174,4.297163,5.7847085,6.1536436,5.8866744,5.484577,3.8717873,7.126047,4.045849,5.6395154,4.978937,5.701805,4.421025,4.6620245,5.06868,4.6076913,4.5040426,6.1668506,5.258378,4.377495,4.458878,6.12905,5.049476,2.5976667,4.265217,5.2836404,5.2788024,5.5415344,5.6077642,5.267179,5.266412,3.3881323,5.578223,4.058088,5.1336346,5.9782705,4.1798162,4.6656194,5.127145,3.3492138,4.0681486,3.6808689,4.5970206,5.6027656,3.7580395,4.6803513,5.9658613,5.145418,5.2555676,3.5299573
TCGA-55-8507-01,0.8881626,6.6870604,5.5924983,5.7184286,3.4372258,4.139154,6.485147,6.7474585,5.279042,5.4337444,4.786854,5.1864314,5.6258664,5.607237,4.4154096,5.0841084,6.1111097,5.725027,4.3185315,3.9748669,3.814778,6.4101443,3.309833,4.473951,4.7741337,6.093978,4.9016147,4.137587,4.5395904,4.3480487,5.1674123,6.7757163,5.125438,4.693509,4.470367,5.2076488,4.1636496,2.3709016,4.89433,4.4999237,5.338359,4.5394883,5.2899656,5.0206666,6.59732,2.1048708,5.7289743,3.9511175,5.4476786,6.3545847,4.467782,3.904729,4.353934,4.85526,4.2449017,5.804409,4.454139,5.860913,4.3481193,4.9350076,5.8906956,3.3602197,4.6047697,3.8390343
TCGA-78-7155-01,0.42887545,6.893289,5.508775,5.691094,3.4058316,4.1066957,6.580685,6.7953653,5.215687,5.4509993,4.9777775,5.1922865,5.515594,5.515856,4.382984,5.085337,6.179428,5.6839557,4.211538,3.9756749,3.8506715,6.431306,3.2913496,4.494459,4.9412875,6.0910287,4.909947,4.1536765,4.571262,4.3112116,5.1174183,6.824373,5.0898,4.747047,4.5652747,5.1472993,4.1738772,2.351608,4.9596233,4.421683,5.3326945,4.574517,5.366409,5.062678,6.6390805,2.1183777,5.642317,4.1307583,5.450596,6.4035234,4.520205,3.979889,4.451763,4.7947817,4.199746,5.9686227,4.4071727,5.82346,4.382797,4.943581,5.863291,3.3104143,4.596954,4.006238
TCGA-17-Z014-01,2.6948912,6.2405367,5.66232,5.838555,3.6849344,4.2929387,5.9650564,6.6137424,5.2133217,5.3935246,4.8015213,5.1166654,5.346407,5.634273,4.3388042,4.894583,5.7245426,6.051965,4.741341,4.2383065,3.5169895,6.7044053,3.2666492,4.4001317,4.396287,6.128004,4.7713017,4.0785446,4.595636,4.602894,4.8842387,6.584308,5.2448435,4.5174713,4.2770176,5.279957,4.3664813,2.3620098,4.785991,4.7438803,5.65272,4.489097,5.0660806,4.9238973,6.1982856,2.0642834,5.8311224,3.6167853,5.3945584,6.04304,4.163057,3.8077443,4.419388,4.8483825,4.31767,5.4852247,4.793119,5.958165,4.074798,4.9448476,5.808733,3.4351153,4.6928387,3.8245335
TCGA-78-7633-01,6.221417,5.2618504,5.5301294,5.6546917,4.181699,4.7453656,6.1173787,6.8527813,4.9362903,5.453216,5.264735,4.9445853,4.741081,5.342818,3.928892,4.555582,5.6959114,6.1219945,5.2195816,4.9845276,3.6214356,6.8921103,3.481831,4.970243,4.6625147,5.9585075,4.4968586,4.3454003,5.026463,4.675939,4.7050557,6.4375796,5.3573804,4.293083,4.3798046,5.7132587,4.7129517,2.4735506,4.663105,4.8437696,5.4469323,5.0782266,5.3559957,5.034272,5.5689626,2.802189,5.6972194,3.7389166,5.1131935,6.0909376,4.088905,4.1533623,4.730584,4.165038,4.256676,4.710866,4.729455,5.9412985,3.9236474,4.751396,5.7436624,4.1205654,5.0296874,3.8033648
TCGA-49-4512-01,9.826608,3.5124726,5.4318743,5.2348194,4.7405696,5.1820507,5.9423327,7.245963,4.7535634,5.1675243,5.570665,4.4512787,4.3144298,5.32423,3.6239624,4.255756,5.6930823,6.147461,5.838653,5.5481343,3.8604553,7.1406064,3.9812787,5.595972,4.9589596,5.6867685,4.4193654,4.61322,5.096345,4.649761,4.4243526,6.152024,5.3164115,4.3755703,4.4690113,6.0494995,5.044366,2.6207998,4.270717,5.244655,5.3077273,5.598281,5.614299,5.2255216,5.1479006,3.3608887,5.6292458,4.0179067,5.0644026,5.9917593,4.1473665,4.6361675,5.0981517,3.479466,4.0905085,3.758156,4.5779624,5.6270647,3.8242538,4.6386385,5.9091988,4.995289,5.2777085,3.5439305
TCGA-49-AAR3-01,6.8489327,4.924605,5.4836874,5.555601,4.2544694,4.9085927,6.1174717,6.904089,4.998337,5.4700146,5.3718486,4.896546,4.6722517,5.203282,3.8790164,4.482388,5.658895,6.1372347,5.334969,5.1537056,3.6240113,6.9331803,3.4953625,5.169957,4.738969,5.945052,4.419076,4.2554235,5.093451,4.6814528,4.587639,6.387422,5.3829293,4.347239,4.4985046,5.757858,4.7854066,2.4785635,4.639645,4.8821383,5.3596053,5.2138996,5.4175916,4.992145,5.4884744,2.9395185,5.7376657,3.7793033,5.075992,6.122674,4.117414,4.278465,4.7861056,4.0571165,4.1657467,4.4392047,4.6889353,5.876082,3.864185,4.711036,5.7608457,4.276715,5.068446,3.6974628
TCGA-75-6203-01,10.237824,3.2956026,5.4416504,5.2309866,4.8850603,5.189975,5.909056,7.3391743,4.599566,4.9921336,5.746375,4.3033843,4.071851,5.3954635,3.6143286,4.2770896,5.734372,6.210185,5.955469,5.4720755,3.9069514,7.197064,4.1798387,5.575073,4.9581976,5.51912,4.425802,4.668649,5.1131945,4.726207,4.548126,6.1482997,5.2421494,4.358212,4.504717,6.133013,5.118131,2.591166,4.2360725,5.278012,5.3923354,5.558742,5.585904,5.314732,5.3057756,3.3269825,5.6200676,4.183198,5.0897293,5.9653234,4.1868434,4.82826,5.2835426,3.2298758,3.9742188,3.6647644,4.625654,5.581302,3.6439095,4.598217,6.005609,5.2745986,5.3090043,3.5584512
TCGA-44-5643-01,7.1102877,4.7930403,5.4512186,5.5943537,4.287323,4.9232187,6.170937,6.904795,4.918119,5.483238,5.3584437,4.867905,4.6545987,5.1508403,3.8373857,4.4654975,5.61437,6.141972,5.3869557,5.2031517,3.6566424,6.945126,3.5245163,5.1921496,4.7162967,5.9297557,4.3973093,4.3305535,5.1429105,4.7133656,4.6074023,6.358651,5.4026976,4.287608,4.4633822,5.8041472,4.801809,2.4850035,4.6365085,4.8671665,5.3706336,5.2522573,5.4344993,5.0381093,5.437276,2.98768,5.7251644,3.780801,5.0245104,6.1524034,4.106106,4.3171186,4.836842,3.96913,4.1537538,4.348368,4.68519,5.9115415,3.825378,4.694229,5.733458,4.341819,5.0989447,3.6929545
TCGA-67-3770-01,5.0160246,5.7976785,5.575883,5.7070866,4.0353627,4.594182,6.0746093,6.7602654,5.032847,5.3436947,5.0737066,4.9802966,4.8567023,5.4769,4.081316,4.761945,5.7280283,6.146945,5.0525093,4.6877394,3.5587165,6.8540645,3.456942,4.765956,4.5666246,6.0597124,4.568758,4.2526665,4.830107,4.6358657,4.8565207,6.4391294,5.301522,4.4060388,4.3258343,5.598901,4.585924,2.4301448,4.6669893,4.8554893,5.4742713,4.871171,5.228628,4.9675765,5.7464156,2.5859385,5.6703644,3.71684,5.284221,6.052302,4.118156,3.9718444,4.532316,4.45566,4.3562355,4.995684,4.7941937,5.9327273,4.044057,4.7746406,5.800409,3.894016,4.901868,3.785382
TCGA-44-A47B-01,9.816548,3.4014812,5.4075437,5.2499604,4.7955046,5.266693,5.9227176,7.264212,4.7299695,5.198314,5.6079254,4.42105,4.340376,5.311374,3.5959258,4.2823434,5.7106476,6.17961,5.86649,5.5743475,3.8751497,7.156554,3.9967272,5.673066,4.8987713,5.621573,4.4178624,4.6899495,5.1351643,4.6761985,4.424547,6.085154,5.276955,4.3772035,4.4805756,6.0783663,5.068702,2.5968964,4.268229,5.237065,5.329856,5.5762205,5.647162,5.2165947,5.1682205,3.328987,5.6620865,3.9910746,5.06846,5.9908066,4.1555386,4.6427984,5.125678,3.464391,4.0721283,3.7234237,4.566711,5.62911,3.8318934,4.626461,5.874237,5.0188184,5.2795396,3.5075135
TCGA-55-8097-01,7.8041134,4.4086885,5.4427404,5.5030656,4.3654027,5.000948,6.132334,6.984013,4.9750757,5.4579525,5.473313,4.778896,4.5582952,5.11176,3.7912917,4.434022,5.6890106,6.143903,5.4986567,5.3333406,3.6845517,6.9422784,3.5617542,5.3219323,4.7741313,5.9377813,4.429575,4.3111606,5.167038,4.698042,4.4901814,6.3222394,5.3554983,4.322441,4.537101,5.812781,4.822751,2.5280118,4.595688,4.884741,5.363772,5.298266,5.528818,5.0653553,5.3592033,3.0905843,5.740818,3.898922,4.9867964,6.1501756,4.129741,4.397068,4.904089,3.913663,4.1172023,4.183785,4.632698,5.842269,3.8589604,4.693723,5.7177157,4.429435,5.147013,3.6305096
TCGA-69-8254-01,8.828471,4.022245,5.4530144,5.3721423,4.486659,5.133611,6.1397076,7.0541472,4.8852086,5.313171,5.598499,4.6998277,4.5101504,5.166051,3.7079253,4.2973294,5.7095523,6.154241,5.6208277,5.402374,3.7263756,7.0681763,3.742762,5.4525967,4.868238,5.8884325,4.3679934,4.45276,5.134817,4.6904798,4.500442,6.342234,5.4061522,4.2768707,4.5034246,5.9536543,4.8876557,2.5165167,4.446004,5.0662637,5.2518635,5.430068,5.5496736,5.112912,5.2980256,3.197816,5.614381,3.9352932,4.976696,6.1209183,4.1164846,4.5347443,5.0236716,3.6825192,4.0394597,4.0416927,4.566761,5.726919,3.7660778,4.687753,5.788329,4.7355137,5.200927,3.5644388
TCGA-86-A4D0-01,0.8685386,6.7339664,5.6012974,5.674487,3.4804156,4.1471505,6.6509147,6.8103786,5.2154446,5.458001,4.809725,5.213445,5.587398,5.6168075,4.3569984,5.103715,6.2214518,5.629538,4.2436237,3.9919775,3.893342,6.344442,3.3360448,4.5473647,4.8977547,6.0211134,4.905886,4.20725,4.594828,4.2806473,5.287896,6.8297353,5.1089,4.6711574,4.517885,5.2773523,4.1335144,2.4204497,4.92038,4.456082,5.207885,4.643826,5.3812256,5.093789,6.590035,2.239932,5.6353393,4.014151,5.408787,6.453187,4.5084352,3.9224744,4.31347,4.7779717,4.24015,5.8101673,4.3630195,5.875791,4.422284,4.8999643,5.9313707,3.4333925,4.642382,3.8759754
TCGA-49-AAR0-01,6.981798,4.8666387,5.472997,5.6003137,4.283987,4.8889556,6.1675906,6.8938355,4.9109974,5.49023,5.3722816,4.891379,4.653526,5.213696,3.8671114,4.4751954,5.626573,6.14101,5.345404,5.1659675,3.6528745,6.9299517,3.5256562,5.1430707,4.6889286,5.942198,4.424074,4.321286,5.1326437,4.726545,4.6541567,6.4044957,5.4178166,4.28301,4.453335,5.78337,4.7799397,2.4601011,4.6632032,4.8554087,5.3877034,5.234131,5.399843,5.057868,5.496549,2.9617512,5.7461705,3.7758052,5.0359583,6.150148,4.0830708,4.2886314,4.8145895,4.022739,4.16255,4.4247184,4.71137,5.9162884,3.8230824,4.698075,5.736027,4.314809,5.089378,3.7229
TCGA-17-Z045-01,0.81039786,6.630128,5.5212975,5.7774706,3.314502,4.0923195,6.2652025,6.526792,5.41273,5.457053,4.695594,5.202909,5.8240356,5.5987244,4.5063257,5.035927,5.8945494,5.9022427,4.4341545,3.9058063,3.6735487,6.450178,3.2180276,4.3808045,4.509979,6.2659583,4.893866,4.118023,4.466003,4.4687943,5.0163417,6.650426,5.193094,4.7302494,4.4097433,5.099921,4.15823,2.3515642,4.7790365,4.587906,5.5481944,4.2915597,5.1359625,4.900071,6.711015,1.8920199,5.88614,3.7693925,5.524124,6.189999,4.413722,3.8526492,4.381964,5.034655,4.3145995,5.7810216,4.587402,5.873614,4.2555366,5.033682,5.8067513,3.1496997,4.512326,3.7275605
TCGA-55-8208-01,3.007008,6.191411,5.7265553,5.7560806,3.7344978,4.2848268,5.9756327,6.632796,5.165471,5.4232545,4.89824,5.2073827,5.2790174,5.6849,4.352415,4.7752147,5.7474065,6.043025,4.756197,4.356283,3.4584334,6.651802,3.2784295,4.413558,4.372425,6.110745,4.767964,4.1475487,4.7074637,4.592439,4.840978,6.621154,5.2647076,4.4365196,4.2566214,5.2848845,4.4131513,2.3556821,4.8261914,4.8200455,5.6263146,4.479669,5.101991,5.0475645,6.1810794,2.2161705,5.8929634,3.5705802,5.380689,5.9893637,4.1094227,3.8383055,4.4230494,4.766357,4.338101,5.434488,4.842631,5.958859,4.0249577,4.954495,5.7486563,3.4265015,4.6741457,3.8290918
TCGA-53-7813-01,6.0508904,5.2809234,5.5241914,5.660735,4.1594696,4.7635136,6.0961094,6.8311825,4.97543,5.434007,5.22741,4.932103,4.747069,5.313954,3.9484062,4.592045,5.678739,6.1302586,5.2170706,4.9687796,3.5884755,6.9173083,3.4704268,4.9823613,4.65547,5.987705,4.4762235,4.291337,5.001919,4.685625,4.6878505,6.4161916,5.349719,4.3154826,4.402057,5.691627,4.7102637,2.4579146,4.6548123,4.85337,5.4399652,5.051853,5.3373075,4.9957275,5.5587993,2.7767081,5.695889,3.7451108,5.115733,6.093735,4.091218,4.1531763,4.7183185,4.1988163,4.241305,4.6860604,4.739502,5.9262114,3.9124584,4.7570453,5.742638,4.1015315,5.019199,3.7642825
TCGA-62-8397-01,10.191132,3.4334052,5.4176564,5.2205486,4.9009156,5.231219,5.895397,7.2954497,4.6715493,5.0709686,5.6725097,4.3499784,4.2168097,5.3339577,3.649106,4.2764935,5.7250776,6.139007,5.8734765,5.517346,3.8924592,7.1655526,4.0886273,5.6315827,4.944026,5.600186,4.4294267,4.642352,5.0971336,4.6618567,4.4505243,6.157615,5.294247,4.443213,4.497984,6.0977883,5.081712,2.6245086,4.2403564,5.2799845,5.3731446,5.5956435,5.6095824,5.279555,5.278384,3.3450494,5.627537,4.051445,5.157358,5.954299,4.193189,4.73313,5.153964,3.3389342,4.025253,3.7162254,4.590001,5.594477,3.7179577,4.6332126,5.994576,5.163024,5.2597437,3.5305657
TCGA-93-A4JO-01,9.526432,3.6050394,5.407822,5.3300724,4.6135516,5.2123933,6.053852,7.2023554,4.7928057,5.2774854,5.6329393,4.5392914,4.377049,5.2315545,3.653796,4.256763,5.747737,6.1837745,5.8009543,5.5545697,3.8138177,7.101492,3.8784246,5.575822,4.920704,5.735906,4.3713274,4.53967,5.1950793,4.690836,4.41943,6.213717,5.325002,4.2924795,4.4914894,6.0437517,5.028891,2.5320055,4.3849506,5.0914464,5.288471,5.516929,5.6273823,5.153249,5.2093596,3.311437,5.666437,4.022707,4.998891,6.0562053,4.153581,4.6461325,5.146026,3.5152469,4.048144,3.8887553,4.542698,5.6816034,3.7704566,4.648471,5.7854977,4.8289866,5.247612,3.5392919
TCGA-55-A48Y-01,3.1745362,6.155342,5.686294,5.820949,3.7712195,4.3200874,5.980145,6.6277165,5.1327944,5.4024158,4.870229,5.140714,5.227053,5.644647,4.319475,4.8348675,5.7175727,6.0457945,4.7782493,4.3403606,3.4842055,6.7067447,3.2805185,4.4329705,4.4045286,6.11298,4.739021,4.135305,4.670684,4.616969,4.8673983,6.6104374,5.267043,4.4583535,4.252226,5.3266387,4.407888,2.3759825,4.796816,4.799306,5.6227975,4.5296006,5.092873,4.9868474,6.0777054,2.1954327,5.8054976,3.5878646,5.3552465,6.0280757,4.1140823,3.8235703,4.4288,4.765458,4.3269086,5.41214,4.822898,5.9811034,4.0400558,4.92062,5.7924123,3.4921293,4.7316837,3.8615744
TCGA-55-8514-01,3.8813903,6.0772514,5.6572504,5.7551756,3.85138,4.4370437,6.050259,6.72405,5.089901,5.392087,4.9930334,5.109087,5.016125,5.5799556,4.2157135,4.787869,5.771044,6.086768,4.8666167,4.480308,3.5108955,6.759893,3.3519607,4.5730386,4.5037007,6.0757976,4.6576667,4.138881,4.7711596,4.608796,4.8563137,6.5756445,5.26252,4.428314,4.299266,5.4300675,4.506154,2.3672063,4.791549,4.7920537,5.535438,4.690279,5.160874,4.987929,5.9739957,2.3606377,5.753084,3.6480365,5.3262887,6.0371246,4.1143427,3.9040153,4.4834356,4.6136694,4.3227396,5.2933536,4.8120236,5.9530478,4.031488,4.840061,5.7805037,3.629706,4.7964106,3.8681161
TCGA-86-A4JF-01,0.6894325,6.820077,5.596792,5.7079306,3.4593267,4.1421494,6.620941,6.824038,5.1929407,5.442831,4.8788214,5.1982327,5.55189,5.5980096,4.3749504,5.1077185,6.2097006,5.624006,4.2333555,3.9867725,3.8728864,6.37951,3.3215075,4.508757,4.9191756,6.046259,4.9029303,4.1574345,4.5744996,4.2911673,5.2243896,6.863544,5.108181,4.689189,4.5128922,5.234651,4.1528964,2.376391,4.9650884,4.440259,5.246373,4.6423383,5.3593545,5.0823493,6.5919385,2.1791234,5.6395183,4.0666704,5.4230895,6.436155,4.5012164,3.935265,4.35449,4.7925153,4.2130375,5.8954287,4.3998475,5.8638487,4.384922,4.9115543,5.9035196,3.4068673,4.6267896,3.9397655
TCGA-67-3771-01,0.42344555,6.8355293,5.4887085,5.6979194,3.340753,4.0849504,6.4809074,6.6987,5.309603,5.4790487,4.8855724,5.200325,5.634741,5.5038986,4.4487066,5.0716405,6.0905657,5.746172,4.257497,3.9411848,3.7960248,6.400719,3.2408023,4.471923,4.814808,6.185141,4.916951,4.1474056,4.5294294,4.3391433,5.067644,6.765776,5.111476,4.7964177,4.5418906,5.102448,4.154196,2.3510604,4.894628,4.4669223,5.408399,4.4616523,5.3049455,5.015701,6.6956024,2.03369,5.7329397,4.0258985,5.4944925,6.3419995,4.508421,3.9441347,4.427233,4.877072,4.238356,5.891615,4.4456735,5.8259935,4.3574734,4.9902296,5.827955,3.209548,4.550754,3.9157162
TCGA-MP-A4T9-01,10.1765175,3.3495114,5.4301558,5.214157,4.830303,5.237604,5.9379406,7.2978363,4.6790137,5.059969,5.720063,4.363362,4.186792,5.3299937,3.6024675,4.2531114,5.720152,6.1996117,5.917733,5.5151625,3.8829272,7.1979833,4.1080337,5.6326313,4.9649544,5.6004663,4.4064794,4.655884,5.10657,4.7059746,4.4989576,6.1633873,5.293072,4.3673067,4.5217547,6.107134,5.090644,2.591877,4.233168,5.282198,5.3486357,5.5966034,5.5920424,5.2631297,5.256403,3.3471062,5.624268,4.104098,5.0791416,5.9777775,4.162101,4.7581444,5.2127604,3.329358,3.9997058,3.6649451,4.5944505,5.5812106,3.6960547,4.6145644,5.9600086,5.2047505,5.303346,3.5226295
TCGA-55-A4DF-01,0.63663685,6.785242,5.480679,5.7184443,3.2959018,4.076323,6.3290997,6.509909,5.3970046,5.535509,4.734619,5.263591,5.7915606,5.5170784,4.483466,5.0128336,5.9327474,5.877733,4.3823404,3.9283118,3.6702754,6.391744,3.174437,4.4382567,4.5569954,6.294685,4.9029217,4.1541452,4.538006,4.430464,4.991207,6.650095,5.1651263,4.806291,4.469015,5.0991044,4.1425524,2.373056,4.797404,4.5583205,5.5235806,4.2678022,5.190728,4.9619226,6.7189054,1.9493737,5.856527,3.7635736,5.528528,6.2207146,4.4360642,3.882591,4.3743086,4.9639006,4.3123565,5.7898183,4.5523257,5.8804636,4.276725,5.039459,5.778034,3.051666,4.4981894,3.783078
TCGA-86-7713-01,6.0861382,5.347687,5.5196347,5.6674347,4.202332,4.8089833,6.0303884,6.8604846,4.9598846,5.418869,5.2536345,4.8894825,4.7011337,5.299816,3.9197638,4.6234818,5.6728997,6.143846,5.2474575,4.99666,3.5940573,6.9499817,3.4998512,4.999308,4.67134,5.9691834,4.456814,4.2731247,5.0159783,4.686312,4.6509066,6.350541,5.310151,4.356965,4.413129,5.7335024,4.765597,2.4456582,4.663462,4.878503,5.454386,5.0674434,5.34294,4.9578123,5.510697,2.7662687,5.712072,3.73615,5.1483946,6.078922,4.1060367,4.1617107,4.72222,4.150845,4.2505603,4.622134,4.7815127,5.9243665,3.9024184,4.7411227,5.7659626,4.1425743,5.0200286,3.7608547
TCGA-95-7944-01,4.6180673,5.872054,5.627501,5.6636324,3.935605,4.5549903,6.0621753,6.7513156,4.997513,5.4044805,5.1454597,5.102209,4.909928,5.6286464,4.124755,4.6925373,5.789709,6.115387,5.0141354,4.6257253,3.5624456,6.6957507,3.4121711,4.7144856,4.52725,6.0839195,4.606521,4.269053,4.872868,4.5716243,4.8163605,6.5044723,5.2517715,4.4044657,4.2776904,5.5403357,4.6038394,2.4168568,4.6840916,4.8864956,5.4889536,4.7222457,5.259071,5.0116887,5.8166957,2.5368807,5.767632,3.554062,5.3459973,5.980682,4.1523256,3.9682815,4.519243,4.516121,4.360123,5.1392145,4.760649,5.962697,4.0636477,4.827255,5.7878795,3.7254198,4.8047166,3.8408244
TCGA-91-A4BC-01,1.9531956,6.398306,5.6519303,5.8399568,3.5373447,4.2088313,6.0892715,6.585195,5.271984,5.3893204,4.7610784,5.159015,5.547316,5.695087,4.411721,4.9696875,5.8105526,5.9466825,4.5963173,4.0541887,3.5832393,6.6100016,3.2614937,4.3459425,4.4254456,6.1701074,4.83405,4.061049,4.4958415,4.5585637,4.969362,6.6575804,5.2191644,4.553206,4.2866344,5.2019553,4.260091,2.3581903,4.806513,4.699774,5.6028214,4.403635,5.064117,4.918674,6.386457,1.9476185,5.844588,3.6816466,5.457424,6.10126,4.2364244,3.787078,4.373081,4.996046,4.303605,5.6790605,4.7311296,5.9377403,4.14736,4.9763994,5.8353796,3.355724,4.6265163,3.7932107
TCGA-49-AARR-01,10.301247,3.327872,5.420386,5.231137,4.9228373,5.2303224,5.872423,7.345873,4.621831,5.0196924,5.7258563,4.287264,4.10396,5.378997,3.6308222,4.2912393,5.7625465,6.207067,5.938126,5.4994864,3.916696,7.1907988,4.1846223,5.623996,4.9463487,5.492798,4.432134,4.6641088,5.1254635,4.7117343,4.510442,6.125704,5.2375402,4.4244003,4.526883,6.1149077,5.1340885,2.589001,4.235906,5.264095,5.425829,5.572236,5.6009164,5.299787,5.3538737,3.3142512,5.659599,4.14774,5.1476607,5.938114,4.2075086,4.812681,5.257667,3.2301528,3.991488,3.670727,4.6083612,5.5718155,3.6620102,4.610289,5.993305,5.243443,5.27642,3.5350652
TCGA-17-Z059-01,6.0817704,5.267906,5.529926,5.6293116,4.160059,4.779594,6.0994353,6.830809,4.9985423,5.4268236,5.249172,4.94921,4.750168,5.3078494,3.9398727,4.5668592,5.6945343,6.137929,5.2202044,4.9725356,3.5861359,6.9267216,3.4744587,4.993919,4.6644397,5.995905,4.47532,4.275638,4.9941254,4.6771774,4.689248,6.4282393,5.3554287,4.3127027,4.4009037,5.6975937,4.7042527,2.4593441,4.640308,4.864402,5.4184422,5.0668736,5.3376637,4.99144,5.5391216,2.787261,5.6809816,3.7469993,5.118848,6.08529,4.086457,4.1545815,4.71196,4.2071757,4.2357826,4.675048,4.725416,5.9093237,3.9259763,4.749079,5.7523484,4.1063056,5.018117,3.7564785
TCGA-55-7727-01,4.4444594,5.925783,5.630075,5.731998,3.889903,4.5809255,6.061891,6.7402434,5.040474,5.3756213,5.0783057,5.0807467,4.9493413,5.5235543,4.137844,4.7507277,5.7822413,6.0749044,4.9236083,4.595932,3.526876,6.8025656,3.4110396,4.6787004,4.579002,6.1243596,4.5913754,4.1571536,4.8303328,4.6108007,4.781494,6.559661,5.2496777,4.440092,4.308358,5.5169587,4.5892606,2.3634708,4.746831,4.8487887,5.5097003,4.7131968,5.227483,4.9470305,5.7700095,2.4058473,5.722011,3.6281078,5.2786264,6.0477185,4.1211834,3.9938948,4.5755568,4.508638,4.263032,5.1845593,4.768353,5.9416313,4.003353,4.8245163,5.7914352,3.694495,4.837177,3.8707135
TCGA-MP-A5C7-01,9.379308,3.7725747,5.4559703,5.3419256,4.553705,5.1398745,6.04076,7.157912,4.8093057,5.2454133,5.5230374,4.584779,4.3599567,5.2187076,3.679912,4.2497644,5.719271,6.210395,5.7567806,5.5003223,3.774823,7.115557,3.8814623,5.4756713,4.8946486,5.729732,4.3595996,4.500582,5.1713,4.701091,4.471651,6.2226443,5.324324,4.266245,4.449094,5.991351,5.0442843,2.549164,4.3779182,5.1069217,5.3276496,5.5013657,5.5620246,5.1393867,5.19409,3.2639651,5.684437,3.9599016,5.013626,6.0151587,4.1294346,4.614058,5.110663,3.5265,4.11159,3.8801484,4.6161084,5.6998672,3.740209,4.639346,5.8118615,4.7805767,5.2279096,3.5834577
TCGA-55-7914-01,5.841756,5.391828,5.5463037,5.6753654,4.1396594,4.735827,6.090961,6.829352,4.9922915,5.414578,5.2103753,4.9442954,4.7755847,5.3356256,3.9719281,4.643839,5.689557,6.0996995,5.1653924,4.9221206,3.5844264,6.913001,3.4802282,4.933996,4.6482453,6.003044,4.501426,4.273769,4.9679384,4.669925,4.690236,6.4216585,5.3227744,4.3486013,4.393062,5.6679263,4.6927238,2.4458573,4.683017,4.8656077,5.454606,5.0143695,5.3349957,4.988736,5.5859313,2.7266846,5.695277,3.7384737,5.140305,6.0858946,4.1070232,4.128362,4.691681,4.2428074,4.2453628,4.74482,4.746129,5.9181323,3.9411514,4.7593746,5.751549,4.065426,4.990672,3.759557
TCGA-78-7166-01,4.8094864,5.6786075,5.5985813,5.7635446,3.9938471,4.604294,6.060546,6.7430267,5.0237393,5.3839383,5.1279254,5.017567,4.931883,5.4758377,4.076261,4.7208385,5.715527,6.1382575,5.0390058,4.717545,3.5187922,6.836887,3.4192462,4.74419,4.5524907,6.0431943,4.563053,4.212649,4.8647165,4.667943,4.8021293,6.5251036,5.335464,4.3727016,4.340673,5.53879,4.5979643,2.4024189,4.7121487,4.8217916,5.5355363,4.8178983,5.217271,4.96742,5.792397,2.5182533,5.714262,3.6906545,5.2090898,6.046532,4.088119,4.0081096,4.60807,4.4506774,4.282342,5.0284834,4.7814655,5.9559994,3.9595468,4.8371773,5.739039,3.8376162,4.8942714,3.8174863
TCGA-78-8640-01,0.80191994,6.5675254,5.543278,5.7924156,3.312231,4.087012,6.270965,6.5839267,5.4103026,5.401251,4.7071905,5.155736,5.844781,5.649584,4.5248623,5.0748563,5.9117246,5.8678246,4.400239,3.8666177,3.729673,6.4730496,3.2595177,4.349494,4.556072,6.2132807,4.9008775,4.107386,4.4044394,4.459413,5.054387,6.66869,5.2024817,4.679658,4.4013104,5.0954127,4.1579533,2.3255115,4.783409,4.5790887,5.5094886,4.3530865,5.131833,4.876331,6.738679,1.8580729,5.879406,3.8521838,5.5180306,6.225794,4.4340196,3.8500807,4.400771,5.0664387,4.3060327,5.8079524,4.569855,5.850828,4.275951,5.0151095,5.8620925,3.2425532,4.5232425,3.706311
TCGA-17-Z020-01,6.8761563,4.919125,5.46629,5.607787,4.258026,4.8921885,6.166205,6.901715,4.9192567,5.4479203,5.3043275,4.8743834,4.6917024,5.192011,3.8686306,4.4871945,5.6222577,6.1086435,5.3475423,5.1624207,3.6607707,6.9451385,3.52433,5.1438117,4.717815,5.9641733,4.4160814,4.337698,5.0902386,4.687011,4.6247187,6.3685083,5.3946548,4.2665224,4.4163923,5.7925124,4.7760005,2.4808257,4.626382,4.870599,5.3671603,5.2256103,5.422063,5.0428934,5.457841,2.9567194,5.688185,3.7811956,5.046936,6.1491194,4.0982633,4.2805104,4.807651,4.023923,4.191005,4.417687,4.6735477,5.9074593,3.8521242,4.6966763,5.736953,4.275213,5.081815,3.6877687
TCGA-91-A4BD-01,9.899521,3.494933,5.4520407,5.2783813,4.8543553,5.201351,5.8376675,7.3471656,4.659798,5.074287,5.663006,4.3423786,4.1545396,5.426757,3.651816,4.338039,5.817117,6.199862,5.888161,5.4765434,3.8909311,7.1168833,4.1083717,5.5853524,4.937605,5.5056777,4.4447904,4.6075387,5.1259136,4.648833,4.496226,6.1094956,5.1879206,4.430646,4.4780803,6.0810385,5.101186,2.5603573,4.302717,5.2159433,5.3891134,5.4871016,5.6268306,5.284439,5.371752,3.298754,5.653224,4.1086693,5.1500297,5.9459414,4.2244635,4.731339,5.2074966,3.2588253,4.0483646,3.7491431,4.591586,5.5969987,3.7356608,4.6717525,5.933677,5.08812,5.2190866,3.5460029
TCGA-55-A494-01,4.4843855,5.8903384,5.623696,5.749992,3.9565356,4.541802,6.032904,6.722524,5.0080643,5.4287925,5.0622106,5.0805607,4.934414,5.5090537,4.113268,4.7139716,5.720897,6.099128,4.9670396,4.652709,3.5147452,6.780009,3.3488812,4.6887918,4.538672,6.0316525,4.588913,4.240699,4.8654833,4.624614,4.8312263,6.5327554,5.31876,4.3754497,4.313224,5.5144186,4.5717907,2.408554,4.7305202,4.8202715,5.5054836,4.7723775,5.2130094,5.0033684,5.8136487,2.509599,5.7148128,3.6094882,5.2364845,6.049811,4.081938,3.9471064,4.5393624,4.4629917,4.335036,5.0961742,4.7841287,5.9876347,3.9956822,4.836755,5.756114,3.7353659,4.8676014,3.859551
TCGA-NJ-A55O-01,6.9738765,4.822301,5.4938025,5.564526,4.2492433,4.900852,6.194885,6.9188924,4.958415,5.467703,5.356082,4.9154387,4.6984363,5.191071,3.906202,4.4556,5.611588,6.059373,5.3259015,5.1919537,3.6669972,6.913843,3.4981108,5.140883,4.7415066,5.9761434,4.4174867,4.274591,5.107284,4.6875014,4.5966663,6.424007,5.427163,4.273121,4.439599,5.770795,4.7831464,2.4706416,4.676934,4.8751326,5.343258,5.271255,5.4353023,5.0377398,5.4612446,3.0004675,5.7415047,3.7916842,5.0363626,6.170943,4.1159964,4.310607,4.801434,4.080807,4.162575,4.41704,4.672432,5.8875823,3.8455002,4.657761,5.751653,4.2735324,5.078686,3.6838543
TCGA-55-1592-01,1.3094614,6.591976,5.519626,5.8086596,3.3622797,4.143481,6.1152596,6.47958,5.3968086,5.4573355,4.7790513,5.190292,5.7097445,5.5695496,4.4795537,4.9776807,5.7988353,5.980336,4.5583057,3.985824,3.5751576,6.544832,3.2152927,4.3722324,4.391868,6.309536,4.856603,4.070858,4.4962554,4.5584116,4.8491535,6.5864806,5.208967,4.7272496,4.3595123,5.103244,4.229429,2.3211806,4.7771454,4.6465397,5.6608434,4.2324953,5.0650463,4.8786626,6.593173,1.8525169,5.944503,3.7043455,5.526263,6.092565,4.3232384,3.8676434,4.448908,5.0143523,4.3100734,5.7334213,4.716508,5.890635,4.1430974,5.048087,5.7528706,3.123907,4.5209813,3.745887
TCGA-05-4384-01,7.0815444,4.7943544,5.4740405,5.5679116,4.298602,4.91242,6.141743,6.930416,4.932176,5.4488244,5.3712664,4.8773947,4.6394925,5.189805,3.8576882,4.4645004,5.653391,6.1265783,5.382839,5.196328,3.6454449,6.923012,3.5231616,5.188652,4.747203,5.921589,4.3997474,4.3190737,5.115626,4.658535,4.5871887,6.353823,5.3793263,4.307489,4.4398565,5.801654,4.80756,2.489668,4.62215,4.897091,5.323778,5.227487,5.447276,5.0332775,5.428952,3.011213,5.699767,3.7781596,5.062604,6.1271057,4.122831,4.308824,4.8183413,3.958806,4.1779957,4.363218,4.6701136,5.890007,3.8535037,4.718401,5.7544656,4.325157,5.0730476,3.6937046
TCGA-49-AARQ-01,0.7518672,6.6779227,5.508411,5.756049,3.30541,4.070184,6.3072104,6.465834,5.433699,5.489681,4.6437345,5.25806,5.866576,5.60744,4.469192,5.01923,5.902615,5.926384,4.4388657,3.8830462,3.6779108,6.416822,3.2089279,4.398073,4.463103,6.2592044,4.9022956,4.1531076,4.509777,4.4730215,5.0651035,6.626235,5.1926794,4.7254167,4.4202895,5.114211,4.1211896,2.406991,4.7558274,4.576603,5.540574,4.2557325,5.150331,4.9115257,6.75215,1.9302273,5.8884826,3.7006,5.5154057,6.1963334,4.4267454,3.842459,4.347249,5.0344014,4.3378625,5.778671,4.5600452,5.9012704,4.285893,5.031795,5.810353,3.1075387,4.506864,3.7095206
TCGA-L4-A4E6-01,10.272731,3.3276024,5.4445543,5.219328,4.9164214,5.2117343,5.8723445,7.348231,4.6154375,4.990329,5.7168818,4.3030195,4.081298,5.411361,3.6372588,4.2761555,5.7376013,6.185013,5.9445386,5.490369,3.9024165,7.1839833,4.1610703,5.597082,4.963489,5.514684,4.4276195,4.643218,5.099281,4.6855874,4.5093403,6.1471763,5.249424,4.402712,4.494218,6.128242,5.1140504,2.607236,4.2327104,5.295105,5.3829308,5.566228,5.5975814,5.3143888,5.313239,3.353149,5.611761,4.1504445,5.1276317,5.9477572,4.193676,4.80444,5.23713,3.2430909,3.985113,3.6596174,4.6148543,5.574781,3.6633885,4.6092477,6.0214357,5.249768,5.2879295,3.5496173
TCGA-49-4506-01,7.159722,4.7831063,5.502891,5.541367,4.306079,4.937131,6.111651,6.931326,4.9600945,5.422652,5.3641157,4.8485246,4.631245,5.2136235,3.8423324,4.4441566,5.681566,6.176785,5.385709,5.210029,3.6375136,6.996095,3.5796456,5.2037754,4.7203803,5.9362164,4.4269795,4.333445,5.0998526,4.728692,4.6231823,6.4016166,5.4040284,4.2632804,4.463423,5.775746,4.7865553,2.4518888,4.5892806,4.9156647,5.3696084,5.2470965,5.4126983,5.066693,5.4606323,2.9740705,5.7063465,3.8407502,5.0086966,6.1274443,4.0542507,4.3262415,4.863771,3.979386,4.1461267,4.357159,4.6850147,5.8411136,3.8181202,4.702828,5.715793,4.3716116,5.121582,3.6693995
TCGA-78-7220-01,0.5695767,6.756244,5.5257053,5.731879,3.3327491,4.068997,6.4536486,6.5708942,5.3851957,5.471945,4.6891313,5.255776,5.8027673,5.612875,4.427032,5.0611825,6.0374746,5.833892,4.3554106,3.880752,3.7698317,6.388489,3.2640605,4.434638,4.6073713,6.1714005,4.9194174,4.1611433,4.5399013,4.407774,5.1659546,6.6974483,5.1494384,4.7164717,4.4655237,5.1507072,4.105269,2.4162614,4.823119,4.50135,5.43707,4.364545,5.2387547,4.962656,6.7577624,2.0214858,5.814405,3.8236046,5.4831324,6.2913775,4.4845667,3.8832755,4.3484116,4.9634156,4.2949815,5.8513365,4.4718356,5.8845863,4.3517175,4.991964,5.84822,3.194043,4.536345,3.7727692
TCGA-NJ-A4YP-01,1.485602,6.694127,5.532888,5.7567196,3.4133377,4.1645226,6.122035,6.5533643,5.3479166,5.4762864,4.762319,5.198806,5.5971293,5.5037317,4.4423356,4.9852004,5.84847,5.9693484,4.525997,4.036625,3.5856209,6.5729733,3.2387888,4.4057016,4.4518504,6.250286,4.863422,4.0516157,4.5477424,4.529468,4.856111,6.560634,5.1415462,4.760627,4.378753,5.1534824,4.2619348,2.2965615,4.8274937,4.6253085,5.62878,4.2606444,5.1151385,4.926006,6.462391,1.8965129,5.894785,3.7077785,5.500138,6.125632,4.315289,3.8949308,4.4532275,4.900285,4.2756114,5.7318635,4.6905293,5.8785033,4.164775,4.9937816,5.7841086,3.1235514,4.552331,3.8058376
TCGA-49-4501-01,9.730907,3.608875,5.4144034,5.2476435,4.7157907,5.1990356,5.9789653,7.189742,4.826398,5.1761093,5.648037,4.4886446,4.2822156,5.252457,3.6913667,4.256413,5.7223682,6.188252,5.773006,5.53685,3.8018887,7.156865,3.9400442,5.592492,4.911816,5.6987543,4.417257,4.494466,5.1380134,4.7254353,4.440846,6.2552266,5.3732514,4.371049,4.578573,5.9894776,4.9948545,2.574102,4.295443,5.17181,5.342261,5.564117,5.5794897,5.1872077,5.324853,3.3002944,5.6592865,4.0688233,5.0497456,6.0297656,4.127332,4.6724105,5.1192093,3.5524333,4.007039,3.8092964,4.556285,5.621357,3.7461474,4.613629,5.8839135,4.9612074,5.2721987,3.5319922
TCGA-86-8358-01,0.48758304,6.806311,5.5504947,5.719709,3.3548973,4.072288,6.556777,6.595449,5.3552313,5.4935107,4.6638827,5.284806,5.804223,5.631647,4.39808,5.075353,6.1056595,5.7669477,4.319727,3.884005,3.8077438,6.3245444,3.2706375,4.4727254,4.65915,6.1409087,4.9244833,4.189559,4.574777,4.3651657,5.2569437,6.748402,5.141469,4.7089915,4.4788065,5.1966634,4.0720263,2.4550593,4.848036,4.4731455,5.35802,4.4209056,5.2833915,5.008644,6.7611575,2.1030898,5.773976,3.8299334,5.462552,6.3462644,4.505082,3.8783362,4.2888374,4.9318376,4.293722,5.8510833,4.4228463,5.907908,4.390645,4.9756813,5.860894,3.2244976,4.553486,3.7863657
TCGA-44-3398-01,5.42617,5.5837355,5.567943,5.7166166,4.1002574,4.681379,6.0469956,6.775612,4.9889917,5.4085593,5.1447663,4.98288,4.7641573,5.416196,4.039152,4.6812215,5.685873,6.14954,5.1239095,4.8197412,3.5366867,6.8688674,3.431514,4.8477616,4.578792,6.0272617,4.511478,4.2469172,4.9315324,4.6731033,4.777355,6.444039,5.3368006,4.361574,4.356671,5.63311,4.657212,2.414483,4.6862535,4.849832,5.469656,4.9085345,5.2476945,4.9689164,5.66716,2.6593738,5.7016206,3.6739748,5.193219,6.076766,4.072747,4.0432086,4.6077776,4.336015,4.297602,4.851026,4.805175,5.9618516,3.9412649,4.786759,5.766689,3.9437947,4.94831,3.800003
TCGA-38-4631-01,0.62510103,6.7109795,5.4427958,5.73654,3.2980688,4.056876,6.3162117,6.5261354,5.411894,5.476822,4.8167624,5.206391,5.730366,5.5362115,4.4714212,5.025088,5.9275928,5.9108915,4.392882,3.8942783,3.7078667,6.461137,3.206549,4.4124765,4.5761423,6.260401,4.9093,4.154813,4.4900866,4.451647,4.9862165,6.638666,5.1598454,4.767083,4.4860635,5.0535746,4.1510253,2.3801687,4.7768717,4.544314,5.5707793,4.2947946,5.198696,4.916723,6.748152,1.9256532,5.844116,3.8750784,5.5313096,6.209164,4.4651346,3.8979065,4.459981,5.008672,4.3023567,5.838717,4.5320563,5.8451376,4.312584,5.045617,5.79296,3.128165,4.51075,3.817869
TCGA-MP-A4TC-01,4.2690296,6.0571012,5.6483936,5.748851,3.8968,4.495995,6.0578794,6.7441363,5.0457,5.3541427,4.9993925,5.0788045,4.9912806,5.5463023,4.180697,4.7945857,5.7843285,6.089517,4.911428,4.5499578,3.5022302,6.788322,3.4015377,4.61517,4.5285068,6.081095,4.6288705,4.187548,4.7941628,4.6078525,4.8829613,6.556837,5.2647924,4.443168,4.2710676,5.4979424,4.538869,2.3657184,4.740081,4.82199,5.530785,4.720159,5.1821404,4.9795265,5.84798,2.4541266,5.68544,3.6433482,5.3047915,6.014414,4.1115365,3.9127688,4.4968123,4.5338264,4.3364367,5.204846,4.78595,5.94631,4.05743,4.8072944,5.7757177,3.6687155,4.8230934,3.8690617
TCGA-95-8494-01,8.125811,4.367284,5.4289646,5.473711,4.385781,5.0394692,6.1739287,6.975088,4.92251,5.4276814,5.4661474,4.7868114,4.6201897,5.129771,3.766767,4.3812704,5.635186,6.1080413,5.5010657,5.3236723,3.717895,6.99871,3.6197271,5.3447366,4.804208,5.911981,4.3826814,4.4070005,5.1392894,4.700062,4.510481,6.328172,5.4085674,4.301555,4.499223,5.8722243,4.854677,2.5249777,4.540157,4.967474,5.320353,5.3656034,5.5245576,5.058008,5.336848,3.0965543,5.6915317,3.8506026,5.010328,6.1448236,4.134237,4.4380293,4.928491,3.8563344,4.094243,4.1877,4.6025085,5.820145,3.8264341,4.679397,5.7675543,4.5403543,5.148977,3.6078174
TCGA-49-4514-01,3.399266,6.2104154,5.666558,5.8633566,3.8756073,4.378475,5.9483757,6.673347,5.0173078,5.425488,4.891984,5.0854034,5.151133,5.5158367,4.220646,4.8752394,5.690712,5.994366,4.7326303,4.451988,3.498965,6.7440877,3.2598543,4.4929523,4.497891,6.0423937,4.7028704,4.1806555,4.720496,4.607946,4.844658,6.5890007,5.2796926,4.480098,4.297167,5.4138436,4.4346633,2.4045956,4.8236194,4.7622256,5.579825,4.634683,5.119424,5.02545,5.9695745,2.237751,5.677603,3.6225593,5.259581,6.1150455,4.0778146,3.830012,4.441509,4.614945,4.33169,5.3281384,4.818253,6.0342507,4.019541,4.896573,5.8231144,3.5432248,4.8235116,3.9543202
TCGA-17-Z036-01,9.064557,3.901707,5.464689,5.3435197,4.5671306,5.1570706,6.0486465,7.090921,4.877733,5.2796116,5.56723,4.641595,4.4566693,5.1751056,3.6865785,4.2909956,5.7032075,6.1552835,5.653684,5.4268093,3.7354267,7.1165648,3.7782092,5.479266,4.865756,5.8179717,4.3817787,4.4635243,5.125866,4.713869,4.4897175,6.296669,5.369688,4.278595,4.5133905,5.962315,4.9213457,2.5353508,4.413294,5.1090226,5.293219,5.459061,5.5385385,5.1358404,5.2593217,3.2101176,5.638296,3.9424675,4.9646406,6.0990605,4.090699,4.550751,5.056287,3.6689198,4.045309,3.9400942,4.60908,5.709167,3.7480295,4.6614723,5.812463,4.804559,5.2388463,3.5701435
TCGA-35-4122-01,3.269986,6.2445483,5.647783,5.7746406,3.741473,4.3813605,6.028102,6.6693945,5.102089,5.3583465,4.946042,5.1061473,5.1851053,5.603083,4.2792783,4.868413,5.8060756,6.024205,4.7346115,4.363823,3.514917,6.721389,3.3462632,4.496007,4.515749,6.1580987,4.70993,4.154525,4.6738477,4.576328,4.8390336,6.5940623,5.23211,4.508768,4.2887354,5.38582,4.44075,2.3554742,4.7729554,4.7990723,5.5459275,4.5504794,5.134833,4.977844,6.027543,2.2067914,5.730524,3.661178,5.3879313,6.057598,4.1467686,3.8726757,4.465224,4.6943645,4.3293133,5.444301,4.78905,5.947054,4.069153,4.905436,5.807692,3.4950306,4.7420397,3.8816214
TCGA-50-5935-01,8.11567,4.284129,5.434147,5.412834,4.4086485,5.0378957,6.152955,6.9821296,4.944883,5.4082627,5.5228467,4.759578,4.583114,5.1640387,3.7506254,4.3475084,5.686907,6.1257687,5.5027685,5.3622375,3.704658,7.0280633,3.633915,5.3756614,4.8163614,5.9652023,4.428253,4.399884,5.1153,4.69745,4.501506,6.370714,5.4328327,4.286884,4.528571,5.881369,4.793923,2.5298467,4.4988575,4.9777727,5.280517,5.3935466,5.5185046,5.1115427,5.3556404,3.1169472,5.6330338,3.932432,4.9678626,6.163615,4.072588,4.4305468,4.930073,3.8707345,4.076565,4.182596,4.582103,5.7807345,3.8367803,4.704887,5.7695208,4.576733,5.1943393,3.6086082
TCGA-44-2656-01,0.62447697,6.742294,5.5449295,5.7427044,3.358374,4.092103,6.4643497,6.634376,5.3423004,5.4505877,4.753528,5.2225175,5.745707,5.6150575,4.4274993,5.07549,6.0600157,5.788642,4.3395443,3.905346,3.7884297,6.402859,3.280589,4.4385624,4.670276,6.149303,4.911032,4.145242,4.5266733,4.3917737,5.157744,6.7358346,5.1496053,4.702679,4.4655375,5.1606693,4.1269755,2.3885734,4.8565006,4.494337,5.4078946,4.4320807,5.2481074,4.9744577,6.7188478,2.0298252,5.788561,3.895212,5.474409,6.3143435,4.48085,3.8960948,4.365738,4.939901,4.2726116,5.863441,4.4750667,5.8734756,4.3412485,4.9792714,5.857319,3.2575822,4.55452,3.805777
TCGA-86-A4P7-01,9.042133,3.8104448,5.4371443,5.347799,4.657833,5.1442013,6.027352,7.0906563,4.8267164,5.2870817,5.637131,4.5758505,4.431554,5.2231135,3.6936157,4.3563633,5.7355022,6.1105146,5.638667,5.414157,3.7784526,7.081368,3.8110816,5.472888,4.832072,5.8591995,4.4648213,4.5715137,5.105612,4.693606,4.4962997,6.251831,5.3309073,4.3261166,4.5200605,5.980113,4.8797812,2.5761328,4.4143353,5.0846934,5.321709,5.4365487,5.578302,5.1951,5.3242326,3.16778,5.628991,4.0052676,5.0366387,6.0914145,4.1293855,4.535623,5.0331407,3.6473362,4.068837,4.0000653,4.5821066,5.7116404,3.8200657,4.7064962,5.8518276,4.8153043,5.219132,3.5742035
TCGA-55-5899-01,2.393701,6.3486724,5.685427,5.7968206,3.6140318,4.2538357,5.943601,6.6055427,5.2586756,5.416795,4.7353616,5.158787,5.408726,5.642815,4.4055033,4.9099665,5.7624793,6.027664,4.677157,4.174874,3.5030513,6.6641965,3.2535713,4.3653903,4.3710055,6.1710706,4.819197,4.0350575,4.5705357,4.571551,4.860776,6.5770984,5.184657,4.587909,4.272939,5.2328477,4.3444085,2.3237183,4.8071632,4.7503176,5.660865,4.3722434,5.061439,4.9425793,6.222779,1.9834224,5.8843293,3.57235,5.447438,6.037212,4.1757135,3.8039877,4.393285,4.8774147,4.2952676,5.556799,4.788192,5.9346766,4.0852404,4.967771,5.8161006,3.3168929,4.638588,3.8060415
TCGA-49-4505-01,4.971125,5.7513456,5.6025987,5.69434,4.0449314,4.591042,6.0749187,6.699638,5.015173,5.423322,5.104479,5.0755677,4.8090124,5.466937,4.0633826,4.632106,5.6894326,6.1423225,5.0847435,4.771151,3.51934,6.804339,3.3785164,4.7848234,4.536871,6.006831,4.5405517,4.303006,4.9281526,4.653021,4.8234515,6.5094957,5.370818,4.30551,4.3392854,5.525785,4.5951653,2.4585161,4.6829953,4.859434,5.4405785,4.8704734,5.260892,5.0266314,5.7350993,2.695997,5.7061887,3.6280394,5.182345,6.045798,4.0761056,3.9967666,4.573985,4.3897557,4.338647,4.902767,4.7637806,5.9692082,3.9916906,4.8168516,5.7225595,3.8766172,4.9164534,3.7870014
TCGA-86-8585-01,1.2693498,6.47328,5.577543,5.8374934,3.39591,4.146143,6.1780868,6.5110364,5.3638496,5.3977985,4.6982985,5.16752,5.7820377,5.6952314,4.480847,5.0218115,5.8267646,5.9226255,4.5210166,3.9450521,3.637131,6.520808,3.2595012,4.3488693,4.4379272,6.256754,4.850825,4.1216335,4.4491506,4.5346017,4.9957647,6.641807,5.2431974,4.623139,4.3279057,5.166198,4.19656,2.3581762,4.749417,4.668649,5.5495005,4.326079,5.0745177,4.8679447,6.6039114,1.8871098,5.8862844,3.712072,5.497494,6.146471,4.340082,3.8169858,4.3785586,5.0624905,4.337196,5.7323585,4.6700153,5.913452,4.1933193,5.0210447,5.8392935,3.2688565,4.557474,3.697403
TCGA-71-8520-01,8.661379,4.025724,5.397876,5.388437,4.441984,5.0558853,6.2130127,7.045708,4.8768444,5.3877773,5.5737324,4.6922855,4.5819654,5.1644993,3.701837,4.3543844,5.705236,6.0665727,5.5733066,5.4045215,3.8062372,6.986798,3.7056305,5.4286356,4.8738647,5.960623,4.450502,4.508494,5.1004663,4.6378527,4.4788346,6.2942905,5.387969,4.3353934,4.4924083,5.948136,4.8169456,2.568536,4.4626617,4.9995584,5.250376,5.440879,5.607611,5.1389236,5.325604,3.1827524,5.600554,3.9670973,5.0153036,6.171953,4.1541977,4.465979,4.9511666,3.7630706,4.1037207,4.127305,4.5148964,5.7574177,3.9201195,4.711329,5.794838,4.6707463,5.1834593,3.5748603
TCGA-49-6767-01,1.8838652,6.4317927,5.557577,5.859918,3.4878037,4.2065625,6.0969877,6.5110006,5.3271313,5.4207025,4.7987757,5.156927,5.5409746,5.5930195,4.371512,4.9499993,5.7798004,6.05094,4.6389747,4.0772734,3.585916,6.624606,3.2383378,4.386989,4.4269414,6.2143893,4.807352,4.0542326,4.564697,4.577004,4.9005227,6.6095247,5.2288284,4.6169887,4.356897,5.17818,4.27661,2.3634238,4.8016624,4.619397,5.652373,4.391377,5.0917897,4.8634267,6.465722,1.9299759,5.8729134,3.7078142,5.4373436,6.1121583,4.293134,3.8626134,4.457682,4.930376,4.287417,5.6374974,4.704569,5.933301,4.131592,4.9950423,5.7791796,3.2812529,4.607949,3.8165712
TCGA-55-7907-01,0.45483327,6.766492,5.474352,5.689138,3.326645,4.0783253,6.446322,6.6758327,5.3526244,5.4767365,4.8926487,5.1864977,5.661573,5.5017614,4.466662,5.067151,6.0635943,5.776461,4.2803755,3.9305756,3.796708,6.3988256,3.2397375,4.473982,4.778724,6.1998334,4.9207397,4.1562595,4.5116243,4.3462234,5.037948,6.729981,5.115602,4.8055887,4.5430217,5.0885344,4.151708,2.3572361,4.857041,4.482465,5.4307575,4.4375997,5.296133,4.993125,6.7185464,2.0182261,5.7648435,4.0351934,5.5063777,6.3260446,4.5185485,3.9416714,4.449441,4.895727,4.252628,5.838862,4.441336,5.814843,4.364,5.001121,5.8289523,3.2067606,4.542006,3.872933
TCGA-78-7150-01,2.4775894,6.2434173,5.6663475,5.854508,3.6299171,4.266317,5.9440584,6.596444,5.260934,5.359207,4.7448726,5.0990868,5.420568,5.6686387,4.3905115,4.931908,5.7403,6.059935,4.729617,4.1639256,3.5276594,6.704281,3.2888076,4.3538017,4.368981,6.1622624,4.800801,4.050717,4.533413,4.602259,4.8843455,6.5818357,5.2188153,4.555011,4.2550664,5.2387414,4.3466573,2.3382778,4.764102,4.746246,5.676486,4.409106,5.0474653,4.8840995,6.22439,1.980947,5.863364,3.6128418,5.430521,6.0251126,4.191028,3.7999854,4.4249015,4.9102864,4.3054996,5.537757,4.7739267,5.931684,4.09547,4.961158,5.821919,3.4072819,4.663044,3.785913
TCGA-L9-A443-01,4.1472425,6.01052,5.6179028,5.755882,3.9315677,4.5193834,5.9912877,6.7388,5.1069365,5.36507,4.974232,5.0318933,4.8990355,5.5315137,4.1607695,4.812089,5.7256923,6.1116304,4.9835863,4.5265126,3.4816513,6.8620234,3.3612387,4.6403418,4.51516,6.0917606,4.597646,4.1208725,4.7622747,4.6352196,4.8675413,6.46972,5.2630396,4.417056,4.3078704,5.497542,4.562063,2.3754442,4.717016,4.8299694,5.549262,4.766666,5.146385,4.913302,5.851371,2.4105318,5.6992183,3.6745892,5.330304,6.012792,4.0937676,3.902398,4.4866858,4.568384,4.345992,5.171433,4.8551064,5.941363,4.019696,4.8110657,5.8012114,3.7245927,4.8425536,3.8143802
TCGA-05-4426-01,9.717999,3.71246,5.407298,5.287043,4.700658,5.2098546,5.9858546,7.207547,4.778228,5.213458,5.6126256,4.503068,4.3739266,5.233367,3.6586015,4.2771053,5.709599,6.161786,5.779806,5.5141006,3.8333426,7.1304007,3.9375367,5.5866446,4.923031,5.7129683,4.382951,4.57224,5.1324925,4.6697893,4.454514,6.1892247,5.3425703,4.3838496,4.5057774,6.0387797,5.0419636,2.5572927,4.3192806,5.171788,5.3213077,5.565009,5.5808706,5.167105,5.2562723,3.298192,5.669244,3.9584544,5.0973077,6.0050817,4.15645,4.6184874,5.081948,3.5003493,4.0826244,3.80322,4.578135,5.650567,3.7748604,4.6459746,5.870807,4.9380307,5.230663,3.5318582
TCGA-69-8453-01,8.689062,4.080943,5.482879,5.4008822,4.677212,5.1242523,5.8861938,7.252628,4.73543,5.186475,5.579581,4.542594,4.3058896,5.35798,3.7702339,4.4029346,5.810305,6.14361,5.6991625,5.3617477,3.8032665,7.0169916,3.8891811,5.438362,4.8924265,5.643248,4.405793,4.4857087,5.130741,4.596772,4.5329323,6.1844625,5.2032223,4.3703947,4.412058,6.007043,5.0424647,2.4990473,4.460474,5.086718,5.336439,5.357184,5.565912,5.1831923,5.3961754,3.2195158,5.6855564,3.9695659,5.1568184,5.989045,4.219997,4.5771856,5.0652995,3.4605823,4.1215324,3.9395974,4.6410284,5.7027807,3.7672935,4.6965036,5.8729577,4.7597084,5.1275716,3.6158514
TCGA-50-5051-01,7.6616178,4.496146,5.442743,5.5252013,4.3122773,4.9800777,6.1876345,6.9288063,4.9542513,5.4622173,5.4235787,4.816716,4.6270247,5.0929475,3.7982478,4.4084644,5.640615,6.1090555,5.449868,5.2888618,3.6751406,6.9924145,3.5430129,5.264147,4.7790847,5.969589,4.399142,4.33894,5.1489997,4.7339954,4.506862,6.3633494,5.40613,4.253993,4.5026927,5.831685,4.8140154,2.5255427,4.593982,4.8953676,5.351699,5.312072,5.493964,5.033949,5.3222585,3.0434556,5.6946907,3.879899,4.9583287,6.169121,4.116829,4.3977733,4.9178042,3.9541204,4.096663,4.269054,4.6392403,5.8623624,3.8326914,4.6808615,5.733782,4.4242363,5.1623683,3.6689758
TCGA-50-6597-01,9.635152,3.62379,5.442354,5.2426095,4.684885,5.1111903,6.0130258,7.150301,4.804556,5.1811476,5.6010566,4.4895167,4.35485,5.2509913,3.6478183,4.2615027,5.733914,6.1865,5.746497,5.4858985,3.8163648,7.146767,3.9524484,5.5099807,4.9110093,5.7709284,4.454322,4.6133046,5.0946226,4.722456,4.4801064,6.2412324,5.350086,4.343195,4.530626,5.966757,4.977197,2.6140835,4.2735806,5.1954637,5.3506513,5.557428,5.573798,5.217433,5.250186,3.2531319,5.6440353,4.0437183,5.0344467,6.0239797,4.118745,4.6357684,5.1140885,3.5451682,4.0832434,3.8752086,4.588676,5.6377196,3.7866302,4.656439,5.888302,4.962193,5.279337,3.5638452
TCGA-38-7271-01,8.317584,4.1913114,5.418686,5.431996,4.456815,5.0904627,6.123604,7.0123267,4.922056,5.405563,5.564575,4.7195196,4.5357623,5.1498804,3.7369826,4.367878,5.706841,6.120109,5.5509934,5.385794,3.7251565,7.030527,3.6643414,5.41666,4.813661,5.9454856,4.424993,4.406822,5.1439214,4.7075214,4.49519,6.316558,5.382519,4.2927,4.5278683,5.921119,4.821224,2.5250273,4.513234,4.9627504,5.304506,5.3890257,5.5464325,5.100967,5.3278418,3.1409042,5.65043,3.942656,4.9788194,6.1611557,4.1119113,4.4566383,4.972048,3.8287666,4.0726957,4.1336045,4.568583,5.7812233,3.840313,4.691466,5.7551737,4.586931,5.188206,3.5927837
TCGA-97-A4LX-01,6.15126,5.21693,5.5237303,5.6463504,4.1864295,4.80158,6.0959206,6.8608856,4.94395,5.4043937,5.270432,4.9221253,4.7330694,5.331548,3.9462469,4.5640926,5.6946874,6.1393986,5.2212644,4.9928713,3.6068609,6.926924,3.4972067,4.996295,4.679225,6.0052967,4.464061,4.2867637,4.998464,4.6775417,4.701791,6.444018,5.378903,4.305411,4.3734217,5.7554054,4.7196097,2.4366922,4.64663,4.8568363,5.4014897,5.0777926,5.319612,5.002667,5.5502257,2.7923236,5.678142,3.757432,5.1161423,6.1096296,4.065355,4.1658797,4.719365,4.1849666,4.2420945,4.6728477,4.744774,5.923679,3.8877277,4.72914,5.7775254,4.130923,5.035475,3.790303
TCGA-78-7536-01,1.0050714,6.654859,5.4988503,5.7758207,3.3170147,4.102981,6.2132463,6.4518194,5.424837,5.5019026,4.704042,5.2372513,5.800061,5.560173,4.481881,4.9851637,5.8396797,5.956723,4.5067697,3.9367268,3.6111984,6.4586763,3.1794221,4.398113,4.4161325,6.314197,4.88234,4.1130424,4.50867,4.5104647,4.9523597,6.6083045,5.2013955,4.7531004,4.3990245,5.0961146,4.1653786,2.3720863,4.7609406,4.609478,5.6173677,4.2279873,5.106924,4.901722,6.6832185,1.8912462,5.9238377,3.680214,5.5348125,6.1333137,4.3761964,3.8519216,4.3843317,5.0280385,4.326143,5.7415485,4.6357446,5.8982153,4.210748,5.053645,5.754091,3.0765617,4.500688,3.7298489
TCGA-50-5045-01,3.4267962,6.1058793,5.6384535,5.837948,3.8486378,4.4146724,5.9791455,6.702658,5.0885134,5.363031,4.8428836,5.0340886,5.14563,5.5458827,4.2300167,4.883419,5.7246594,6.0997868,4.8323584,4.427495,3.4941366,6.7904787,3.3273776,4.5187774,4.4865885,6.063516,4.6812525,4.164516,4.6876683,4.6143265,4.9370875,6.5393133,5.285562,4.487356,4.2904205,5.4201627,4.4679103,2.3651278,4.7356133,4.772161,5.6024904,4.637195,5.104508,4.9401417,6.0159354,2.265233,5.691941,3.6502092,5.304005,6.0461874,4.103268,3.8432574,4.464292,4.631762,4.353645,5.3127303,4.801222,5.9660025,4.0482416,4.880194,5.8026667,3.5797427,4.8023586,3.8620114
TCGA-78-7147-01,3.2731168,6.232656,5.656037,5.773646,3.7404554,4.367436,6.044965,6.6650825,5.1297965,5.35756,4.9283304,5.121224,5.211408,5.632133,4.2826915,4.8481064,5.792509,6.0354867,4.7720156,4.337808,3.529125,6.726255,3.3502934,4.4824066,4.481751,6.1338205,4.716519,4.1347623,4.670459,4.592959,4.867767,6.5998654,5.24409,4.4806347,4.2712355,5.3731875,4.430239,2.3607166,4.775752,4.792316,5.5535817,4.5750713,5.1277924,4.9637146,6.0633817,2.2172203,5.760169,3.6512728,5.3861895,6.040511,4.159549,3.8688855,4.459113,4.729604,4.32246,5.4400654,4.7815857,5.9406013,4.076519,4.8814387,5.811805,3.5255892,4.7336483,3.852319
TCGA-73-4666-01,2.5741823,6.2822237,5.640608,5.830081,3.627935,4.3029294,5.9421535,6.601563,5.275597,5.377742,4.783206,5.0967445,5.3529553,5.605541,4.367248,4.950411,5.7598453,6.0469294,4.730282,4.182307,3.5292902,6.7132754,3.285698,4.406605,4.407886,6.199141,4.7871933,4.012999,4.555291,4.5867066,4.8341374,6.5479016,5.1716013,4.610917,4.2909517,5.2682376,4.3616395,2.341146,4.7781725,4.738324,5.6674843,4.41042,5.0744104,4.87304,6.1599913,1.9814941,5.8489137,3.630442,5.4463596,6.0488906,4.2086325,3.8331406,4.432159,4.8773046,4.278462,5.5233107,4.7724833,5.9247694,4.095593,4.953881,5.829994,3.3900642,4.668551,3.7996457
TCGA-73-A9RS-01,0.5244067,6.790466,5.5517387,5.722915,3.3421013,4.061764,6.5406933,6.5568423,5.3806353,5.5000563,4.6233582,5.3000126,5.844708,5.6477556,4.403735,5.070428,6.0846205,5.7887645,4.3365107,3.864725,3.7959073,6.314968,3.2629652,4.4626894,4.610956,6.1525197,4.928648,4.195989,4.570133,4.378754,5.2672157,6.729778,5.149834,4.7038836,4.4646606,5.196459,4.056627,2.470483,4.8249416,4.485881,5.372796,4.3852377,5.2655854,4.9969363,6.783056,2.0895085,5.796491,3.7835398,5.4681196,6.329906,4.5002403,3.8598106,4.270018,4.961297,4.3106604,5.8371954,4.4294415,5.919307,4.3899455,4.9835815,5.8603325,3.2036016,4.543533,3.7517397
TCGA-J2-8194-01,6.2619996,5.1732388,5.5319934,5.621598,4.209187,4.7589064,6.0925393,6.847489,4.972301,5.47173,5.2912974,4.9269824,4.6690497,5.316152,3.9255342,4.550529,5.697541,6.125546,5.269106,5.021783,3.5974722,6.8794937,3.4641652,5.020186,4.650451,5.9577317,4.48697,4.2974544,5.0568447,4.6952977,4.638446,6.4055743,5.322648,4.305722,4.4459987,5.6544356,4.740804,2.4984467,4.664936,4.861392,5.464596,5.055398,5.3833666,5.0356,5.521677,2.8577964,5.7507195,3.7545319,5.0921726,6.075249,4.1038976,4.1991963,4.7548575,4.1694336,4.2193336,4.6040597,4.741441,5.925418,3.905386,4.775997,5.7211475,4.1513963,5.035844,3.7620358
TCGA-44-A479-01,3.6584992,6.148239,5.6746035,5.721804,3.8170617,4.3571477,6.063256,6.6448703,5.1200724,5.4415026,5.009435,5.203929,5.062833,5.6762238,4.246889,4.731786,5.755378,6.0839114,4.8729534,4.385728,3.4949768,6.7025967,3.2943122,4.520375,4.4059653,6.0868573,4.699906,4.1286273,4.762254,4.631185,4.8645997,6.599044,5.2696404,4.3670096,4.2735295,5.3712783,4.43931,2.421925,4.793992,4.8126454,5.5606723,4.6603312,5.12737,5.0177183,6.0405073,2.3522747,5.8121333,3.584599,5.4024,5.9969144,4.1158957,3.844499,4.4075794,4.7483134,4.341509,5.3773904,4.842225,5.983372,4.054904,4.8583465,5.781454,3.570627,4.741927,3.8669693
TCGA-78-7153-01,7.290565,4.6998305,5.4234314,5.5583973,4.3008943,4.950373,6.1878386,6.9111943,4.933697,5.5060186,5.417667,4.8540606,4.6545405,5.149922,3.832352,4.444316,5.613511,6.10813,5.398195,5.236499,3.6818707,6.938576,3.5165222,5.2297883,4.7497025,5.970955,4.408195,4.315598,5.138602,4.6997676,4.5745754,6.3659706,5.4183464,4.3067636,4.497342,5.8222346,4.792725,2.5035985,4.6312704,4.8592405,5.347361,5.297354,5.458622,5.033022,5.4375825,3.0171885,5.722132,3.80395,5.0305233,6.1698666,4.117225,4.3263054,4.8307605,3.9962091,4.1455383,4.3395596,4.6507664,5.896735,3.8463688,4.688404,5.7533894,4.3534393,5.1094837,3.6768074
TCGA-17-Z016-01,3.4428144,6.1696043,5.670324,5.803357,3.8055587,4.360719,6.0450463,6.6723223,5.079636,5.3717604,4.9056344,5.1169086,5.156486,5.614799,4.264336,4.836765,5.7765574,6.066119,4.7835183,4.399299,3.5004597,6.7266364,3.3345778,4.486432,4.470628,6.090133,4.710769,4.1822553,4.710636,4.6010685,4.912716,6.6180277,5.274213,4.4596972,4.2678986,5.386972,4.4302607,2.3806806,4.7808676,4.7837386,5.567653,4.601247,5.1312323,5.0052114,6.029522,2.2914875,5.7214055,3.6336474,5.3323627,6.0433006,4.117295,3.8434284,4.4477763,4.668875,4.343101,5.3847055,4.7836375,5.9714465,4.0707,4.8822985,5.7836914,3.542938,4.77058,3.8898504
TCGA-17-Z018-01,3.9262135,6.049306,5.701767,5.785187,3.9128022,4.458447,5.9333673,6.705008,5.070555,5.3328667,4.994072,5.0693994,5.003769,5.6252418,4.213889,4.7905345,5.705617,6.0954266,4.9042783,4.5279446,3.440223,6.836833,3.369119,4.523194,4.4442153,6.082857,4.6372094,4.1412797,4.746982,4.644278,4.81151,6.524424,5.2928195,4.3626337,4.251497,5.4655647,4.53999,2.3553693,4.7912307,4.8684187,5.5694914,4.6818542,5.095466,4.995422,5.9145274,2.3134074,5.765768,3.6508622,5.3251476,5.9982653,4.036144,3.8707912,4.4734654,4.608344,4.3582582,5.2553244,4.9232254,5.968071,3.9506881,4.870132,5.7882705,3.6740952,4.807222,3.8332043
TCGA-97-7937-01,1.7645342,6.542861,5.6025977,5.762424,3.4816253,4.1846976,6.0515685,6.610338,5.3716297,5.391159,4.684183,5.1436253,5.5661306,5.5517178,4.477793,4.97763,5.863919,5.995001,4.6295986,4.0586166,3.5752385,6.6282606,3.3067355,4.3692074,4.3963003,6.228748,4.8854856,3.9854674,4.5161204,4.5501738,4.853537,6.571809,5.100419,4.763341,4.3073773,5.1474333,4.289453,2.291566,4.8231506,4.673667,5.665515,4.253213,5.1038756,4.9141254,6.368243,1.934546,5.9349246,3.6692193,5.515218,6.0530233,4.3035,3.8890378,4.446313,4.9007063,4.2390366,5.686161,4.6978445,5.840167,4.1410484,4.9601746,5.7923455,3.236271,4.5753627,3.74663
TCGA-93-A4JN-01,8.864731,3.9394543,5.466432,5.3500967,4.5561433,5.1387134,6.054788,7.064411,4.8898916,5.298629,5.5806494,4.651632,4.4759364,5.2039146,3.6922567,4.3198333,5.734924,6.166486,5.6308312,5.407299,3.7285936,7.080647,3.7661793,5.463987,4.847613,5.8750725,4.4117556,4.499856,5.1122966,4.6963124,4.514701,6.296234,5.361658,4.296172,4.512809,5.937077,4.8825502,2.5413682,4.4166327,5.084057,5.284315,5.4245744,5.54569,5.137041,5.30403,3.1858895,5.6339993,3.9522188,4.994654,6.092578,4.0969467,4.507425,5.010154,3.698748,4.0827866,4.0073047,4.592876,5.713514,3.805057,4.6990213,5.799232,4.7434893,5.2165403,3.5693052
TCGA-05-5715-01,7.5960393,4.599795,5.3937383,5.487556,4.317564,5.013599,6.1405644,6.9068117,5.024515,5.520124,5.489097,4.813436,4.64194,5.1345263,3.7687604,4.430842,5.6899567,6.12548,5.456446,5.2908463,3.667337,6.9769607,3.522301,5.331046,4.7833304,6.016984,4.4175386,4.3294883,5.119726,4.6955075,4.4861307,6.325467,5.3901258,4.3302526,4.5682845,5.8151855,4.782863,2.5428572,4.552188,4.8696938,5.3467293,5.2830377,5.5073547,5.0128126,5.371258,3.017622,5.6930957,3.8682258,5.0070324,6.1451597,4.098139,4.350013,4.8754916,3.9908059,4.122562,4.3143888,4.595465,5.8444533,3.8854637,4.7353106,5.7287045,4.38492,5.1475434,3.6274736
TCGA-55-A492-01,3.6466372,6.165679,5.6773977,5.7833104,3.8184664,4.3964734,6.0391974,6.651637,5.088923,5.428095,4.9975634,5.1733665,5.060893,5.616018,4.215186,4.767921,5.7283473,6.065941,4.8260317,4.4135404,3.4815695,6.7526975,3.2863283,4.5135036,4.444899,6.091558,4.675017,4.1025896,4.7496905,4.6420264,4.8446083,6.622252,5.2844634,4.3789673,4.282859,5.384714,4.4512978,2.3974178,4.819584,4.794873,5.5669203,4.6712756,5.1146693,4.9936314,6.0002265,2.282317,5.758324,3.600823,5.3335123,6.0378556,4.0837903,3.8504229,4.4443693,4.7163167,4.309519,5.378881,4.842729,5.9993367,4.014337,4.859889,5.7852545,3.5675776,4.779819,3.908194
TCGA-17-Z010-01,3.752163,6.1420484,5.6922526,5.798054,3.8414195,4.3793507,6.0452533,6.719813,5.0677814,5.4471903,5.02005,5.165157,5.0098667,5.5859275,4.2136626,4.758354,5.747126,6.0819335,4.7794995,4.4672565,3.5043287,6.725904,3.277037,4.515785,4.485181,6.025382,4.678491,4.113953,4.793495,4.612997,4.864296,6.654312,5.286256,4.3883185,4.3027873,5.3887396,4.469105,2.3732564,4.8830285,4.734151,5.547757,4.6976504,5.142598,5.034947,6.061544,2.325768,5.7740974,3.612315,5.278401,6.079268,4.0699844,3.8659604,4.461934,4.6333456,4.3149586,5.360316,4.833233,6.0071635,3.9955149,4.847391,5.767109,3.5794842,4.809521,3.9596126
TCGA-73-4668-01,1.2264428,6.5768104,5.515158,5.8019905,3.3562884,4.133648,6.146274,6.476795,5.400422,5.4586387,4.790014,5.201105,5.731669,5.5839005,4.4779887,4.975046,5.8128753,5.971045,4.542227,3.9818568,3.5795836,6.5277967,3.2184167,4.376259,4.3954015,6.306298,4.85951,4.097394,4.4990544,4.554156,4.874081,6.5952215,5.2157464,4.7119493,4.3664894,5.102109,4.2192783,2.3342578,4.769819,4.649437,5.6506906,4.2250824,5.074196,4.888409,6.6292524,1.8739959,5.941185,3.714991,5.524523,6.0944295,4.326608,3.8659973,4.446979,5.0288568,4.3221016,5.7478046,4.7086234,5.8906627,4.154835,5.059641,5.7463083,3.1268914,4.5180807,3.7377577
TCGA-67-3772-01,9.371813,3.7969427,5.415421,5.270496,4.6401296,5.1989765,6.0249915,7.1492133,4.8551416,5.233146,5.648435,4.5475025,4.438688,5.22733,3.6697383,4.2767277,5.729664,6.1562586,5.720469,5.471864,3.8041646,7.128968,3.8683536,5.562984,4.936298,5.816284,4.3988266,4.556521,5.096737,4.69794,4.479382,6.2716765,5.380974,4.349374,4.5531077,5.979934,4.969587,2.5420918,4.3159695,5.154677,5.2850556,5.5366173,5.561632,5.131417,5.308798,3.2633665,5.6596556,4.001674,5.0548277,6.048559,4.119598,4.58372,5.0641646,3.6363478,4.0691752,3.8914254,4.559628,5.6411443,3.802328,4.657226,5.8466606,4.879332,5.2543764,3.528671
TCGA-17-Z049-01,1.2298565,6.509745,5.5407944,5.833929,3.3725057,4.15044,6.167116,6.477657,5.398964,5.4545245,4.7906175,5.2074766,5.7686553,5.6218157,4.47876,4.9736457,5.814515,5.9546666,4.5609717,4.0052085,3.5536659,6.510731,3.224236,4.3742294,4.368573,6.30832,4.845522,4.101179,4.5037704,4.568774,4.9006543,6.6222224,5.2421145,4.6762652,4.3398757,5.1180067,4.2218847,2.337429,4.7802653,4.664957,5.649996,4.221097,5.0525923,4.89304,6.651844,1.8969061,5.957639,3.6968136,5.5128326,6.0768995,4.2915826,3.8505495,4.4214234,5.057159,4.3357987,5.7429314,4.7494655,5.910091,4.123643,5.0784583,5.716129,3.1457665,4.521851,3.7053268
TCGA-50-6590-01,0.51749605,6.7280984,5.4323583,5.724009,3.3060315,4.0576043,6.3488507,6.5875096,5.385037,5.458467,4.8962774,5.17965,5.667935,5.5170403,4.464798,5.0388937,5.968274,5.879397,4.3491807,3.9036129,3.7455373,6.4758925,3.2252417,4.4222865,4.6668315,6.2308517,4.911955,4.154214,4.48643,4.424483,4.9770913,6.6645083,5.1432233,4.7714915,4.518814,5.0428214,4.1655974,2.3616586,4.80623,4.5164104,5.544339,4.352264,5.2359476,4.930378,6.7437973,1.9411526,5.807418,3.980457,5.523603,6.244508,4.490697,3.9286766,4.5029206,4.973394,4.2776084,5.873048,4.5020533,5.818231,4.333942,5.0337744,5.806332,3.169316,4.523232,3.868721
TCGA-50-5933-01,1.3721389,6.539372,5.535963,5.855742,3.361587,4.1781335,6.0767426,6.435298,5.3617806,5.454221,4.834991,5.201369,5.7499104,5.622335,4.4750633,4.961395,5.736932,5.9895205,4.572972,4.0163255,3.5214922,6.5530972,3.207693,4.3552914,4.344816,6.3418307,4.809378,4.1029367,4.491709,4.6023593,4.8172607,6.589122,5.290916,4.6554923,4.3196273,5.1312537,4.2511497,2.3021598,4.757194,4.7013555,5.6604185,4.2201314,4.9992266,4.8613515,6.599448,1.8175654,5.953545,3.6680048,5.5117326,6.0680065,4.2527304,3.838489,4.446527,5.0640154,4.3569016,5.729056,4.8054166,5.9332094,4.0786257,5.078917,5.734833,3.1106846,4.520168,3.7233531
TCGA-55-6968-01,1.4967989,6.4313993,5.6288586,5.809333,3.4057,4.1404204,6.0223727,6.539656,5.4301887,5.399941,4.616431,5.1565604,5.7417655,5.643582,4.502926,4.971829,5.7766285,5.9983754,4.6074862,3.9380887,3.6022415,6.5827866,3.2206457,4.2980113,4.332065,6.2045636,4.898341,3.9596102,4.4119396,4.551135,4.940905,6.6153493,5.1853743,4.6496153,4.2938333,5.05438,4.2091193,2.3253121,4.787608,4.660764,5.6883917,4.3014708,5.0252805,4.8637123,6.5325055,1.7995853,5.9820704,3.638804,5.5233836,6.0725613,4.2985888,3.7832258,4.363755,5.078495,4.275154,5.665025,4.688889,5.877112,4.1724544,4.9863462,5.819888,3.2403507,4.550143,3.693299
TCGA-55-6970-01,5.3890157,5.5328784,5.5432253,5.7241573,4.067407,4.641925,6.119539,6.733232,4.9983964,5.427233,5.13909,5.0045233,4.8769073,5.434531,4.0357428,4.665373,5.6915894,6.123585,5.1012,4.7740183,3.5765307,6.8267083,3.420328,4.839551,4.576953,6.0242004,4.548142,4.311867,4.8968086,4.6628594,4.8103914,6.492631,5.3612885,4.367317,4.3560266,5.592899,4.5926685,2.4577427,4.65844,4.8385315,5.4844127,4.8751984,5.2806106,4.995306,5.72763,2.6388755,5.7008224,3.675682,5.186914,6.086379,4.106662,4.044656,4.6279807,4.37478,4.2803574,4.90557,4.723465,5.958287,3.9820719,4.825202,5.7497635,3.9429255,4.936167,3.7901149
TCGA-49-4487-01,2.5970352,6.342126,5.6400337,5.787521,3.5943189,4.3373723,5.9983582,6.616661,5.176352,5.394567,4.8933496,5.1524205,5.398762,5.585384,4.345064,4.863862,5.769747,6.036202,4.6680193,4.275316,3.5058715,6.682989,3.294375,4.437336,4.466589,6.196088,4.7391424,4.106352,4.624903,4.577139,4.8165593,6.6063495,5.270944,4.546695,4.2954693,5.303634,4.395464,2.2937608,4.786177,4.7608633,5.583912,4.46712,5.073698,4.9450603,6.2039504,2.033635,5.8161864,3.630113,5.4124856,6.060242,4.158784,3.8599048,4.4630327,4.7831597,4.3204618,5.526553,4.7856445,5.9345117,4.043729,4.945366,5.7818136,3.3430338,4.661789,3.8377178
TCGA-86-7714-01,8.966481,3.8522754,5.45649,5.338739,4.590718,5.156654,6.0413375,7.083824,4.897642,5.297755,5.573045,4.6372123,4.443457,5.210803,3.6956582,4.318972,5.721837,6.1292124,5.6378074,5.4376035,3.7412035,7.0866385,3.7531757,5.4925866,4.8650155,5.8476343,4.4262304,4.4708796,5.09576,4.6815934,4.4672446,6.2816,5.359299,4.3031273,4.517149,5.9464636,4.8715878,2.5698206,4.4136972,5.099971,5.2902374,5.4398775,5.567315,5.1469026,5.281244,3.219308,5.613164,3.969642,4.9850144,6.108932,4.0955358,4.5094314,5.0108905,3.7204125,4.057963,3.9637814,4.5751405,5.7080083,3.8237147,4.693718,5.817197,4.7646184,5.229534,3.5645924
TCGA-44-A47F-01,8.559711,4.0723276,5.430541,5.434356,4.515977,5.1245356,6.1048017,7.0630484,4.830331,5.343618,5.6026974,4.6675916,4.5051227,5.1823077,3.7214994,4.369537,5.699225,6.0829935,5.5955987,5.3591967,3.7727287,7.0483556,3.7317317,5.4080405,4.8509917,5.92101,4.3990183,4.494328,5.118536,4.6967583,4.5395966,6.2955556,5.3590283,4.2796335,4.475547,5.9913383,4.8931327,2.5187583,4.499741,5.007815,5.314881,5.402627,5.531733,5.1176815,5.3082967,3.1459992,5.649719,3.9537385,5.0239687,6.122488,4.1303263,4.4909053,5.006671,3.7278938,4.099939,4.105493,4.6155972,5.773007,3.7997627,4.6859064,5.811371,4.6969414,5.197419,3.6100879
TCGA-55-8204-01,4.9408665,5.799552,5.609267,5.7143264,4.0314612,4.608031,6.051465,6.767827,5.0232377,5.406614,5.1364346,5.0364947,4.834329,5.4715686,4.0685067,4.6969557,5.728119,6.1318727,5.043908,4.7318587,3.5263348,6.839762,3.408522,4.763867,4.5664186,6.025328,4.555421,4.201668,4.8978105,4.6471605,4.784005,6.487397,5.296333,4.3743367,4.344019,5.566923,4.624692,2.418262,4.7267756,4.8390737,5.4970794,4.859975,5.2403507,4.9835796,5.7247043,2.5856502,5.7162824,3.6723258,5.236222,6.0406327,4.0930963,4.000957,4.574879,4.4238896,4.3053293,4.9928446,4.800642,5.9551425,3.985539,4.7996798,5.766852,3.8559282,4.901248,3.836075
TCGA-44-6144-01,4.8707337,5.794978,5.6214046,5.719789,3.9866183,4.621982,6.047673,6.778078,5.0052533,5.385804,5.106242,5.048598,4.888606,5.477655,4.102269,4.7127047,5.7382803,6.1095343,5.008467,4.7169137,3.5334516,6.8244634,3.430519,4.743765,4.5753865,6.052017,4.555041,4.1981354,4.890636,4.6314344,4.791213,6.517474,5.2998295,4.394198,4.3118186,5.5801835,4.6307626,2.365834,4.7401037,4.8433213,5.4818306,4.822024,5.2315283,4.972023,5.744056,2.5364187,5.7244625,3.6390476,5.232976,6.0541215,4.093544,4.016184,4.5815835,4.409727,4.2862687,5.012679,4.7902517,5.9486575,3.9689658,4.786875,5.776297,3.809135,4.8807554,3.8429685
TCGA-69-7980-01,0.6268477,6.7351947,5.484782,5.73446,3.3169124,4.0864162,6.3371215,6.601101,5.37026,5.470729,4.82611,5.1950603,5.710543,5.5279994,4.4847994,5.0435147,5.969809,5.848599,4.3560205,3.929367,3.7185528,6.4459786,3.2221634,4.422386,4.6494102,6.2440863,4.903418,4.1276174,4.495211,4.4171724,4.988218,6.685813,5.1511545,4.7794123,4.4813643,5.081912,4.1706915,2.337238,4.8300514,4.534656,5.5122457,4.350723,5.211591,4.9478126,6.702203,1.9390281,5.823797,3.9083393,5.518968,6.2459483,4.4568524,3.9101036,4.440595,4.956581,4.2754602,5.8383803,4.5335803,5.839106,4.2921896,5.0231366,5.8032207,3.1544542,4.522141,3.8312223
TCGA-55-6981-01,4.695007,5.7172523,5.628993,5.801263,3.9987652,4.5494184,6.0633664,6.76038,4.9536724,5.3903017,5.0306916,5.0328918,4.949983,5.4467926,4.108594,4.7153397,5.694378,6.084634,4.940482,4.7355742,3.546837,6.819729,3.3909035,4.6909785,4.587345,5.9558177,4.569897,4.314592,4.8855853,4.6357727,4.864229,6.5724745,5.3978357,4.3247004,4.302623,5.559548,4.567144,2.3858263,4.774094,4.7816725,5.4401383,4.849585,5.221587,5.0454273,5.848505,2.5535913,5.6817107,3.6773915,5.128605,6.1379204,4.04189,3.9826343,4.5904984,4.3406954,4.328134,5.0182147,4.770315,5.9916596,3.9328349,4.812171,5.7436204,3.8393607,4.9353023,3.8553557
TCGA-L9-A8F4-01,0.84558886,6.6909266,5.583857,5.7588987,3.4115205,4.1324577,6.426467,6.6856265,5.2945685,5.426901,4.7958145,5.188174,5.664338,5.625041,4.4271383,5.0730543,6.0522695,5.7643285,4.3627496,3.9528294,3.7762613,6.4332867,3.2934234,4.436712,4.6962404,6.137034,4.8937416,4.1189733,4.518374,4.393118,5.124896,6.7622385,5.1531644,4.68367,4.439258,5.1852436,4.162693,2.3651097,4.8784037,4.5195975,5.3968186,4.48872,5.2371683,4.98335,6.6252427,2.0397198,5.770881,3.912168,5.4636774,6.3077707,4.447393,3.891185,4.3669477,4.913865,4.255526,5.8355846,4.5059505,5.8742485,4.3061943,4.961263,5.8653774,3.3263786,4.5826535,3.8279445
TCGA-86-8076-01,9.248167,3.9089386,5.443879,5.348254,4.625421,5.1137333,6.042411,7.1170554,4.796315,5.254117,5.6833363,4.5918355,4.447592,5.2446194,3.6747348,4.351979,5.7883267,6.177745,5.6634035,5.383269,3.7807376,7.047365,3.8557167,5.492695,4.869325,5.839706,4.425792,4.590422,5.111564,4.66707,4.5495934,6.2753506,5.34387,4.3540473,4.504516,5.984781,4.912497,2.5244927,4.381714,5.109034,5.290757,5.418312,5.5598083,5.1884413,5.3671155,3.1924803,5.6062646,3.9815972,5.06443,6.066313,4.143249,4.539892,5.0408087,3.5520976,4.0955305,4.016423,4.5820813,5.6998715,3.8050647,4.7411175,5.826348,4.8894873,5.195638,3.5728939
TCGA-MP-A4T2-01,8.989775,3.9827733,5.4182777,5.383293,4.561946,5.1678905,6.0838113,7.1210656,4.835473,5.32662,5.636335,4.643696,4.482744,5.167219,3.7067456,4.3248005,5.7184005,6.111709,5.647943,5.4371715,3.7708828,7.0565085,3.7623777,5.5064425,4.8680515,5.8311615,4.3805594,4.469227,5.1633463,4.6710534,4.4625773,6.27606,5.359428,4.3085775,4.501895,6.0091763,4.920433,2.507224,4.4632545,5.0463305,5.266515,5.4429297,5.5838714,5.1366706,5.2988496,3.2213426,5.634413,3.944957,5.0065017,6.1231384,4.1499233,4.5560265,5.050299,3.6344821,4.03396,3.9891021,4.5566015,5.7303247,3.7755148,4.6786313,5.7982373,4.762845,5.1952014,3.5583148
TCGA-05-4402-01,6.8953037,4.790642,5.4823346,5.5688424,4.285698,4.9147096,6.1842093,6.9380665,4.933269,5.504824,5.345983,4.9098167,4.6753945,5.1374125,3.8721933,4.4404993,5.5821605,6.1169395,5.36095,5.230045,3.6440063,6.9039936,3.499634,5.199721,4.722832,5.8718576,4.38197,4.287961,5.1678505,4.6842613,4.607356,6.3799615,5.420524,4.2941236,4.47439,5.7725983,4.8145633,2.473321,4.682295,4.8734856,5.3243146,5.2992296,5.4376307,5.064459,5.5057673,3.040473,5.767423,3.7500885,5.038048,6.1595316,4.1160235,4.331973,4.812343,3.9395638,4.1504636,4.3274336,4.6866755,5.903671,3.79063,4.679953,5.7363124,4.343777,5.0759215,3.6706738
TCGA-55-7283-01,4.5495963,5.931089,5.6521926,5.7146235,3.9541116,4.5518293,6.040762,6.7771463,5.028419,5.3664117,5.0617666,5.065809,4.914135,5.540274,4.1475997,4.7418566,5.758507,6.100282,4.966413,4.6351523,3.52527,6.8004737,3.4211204,4.6734905,4.544251,6.0490246,4.594478,4.187361,4.8439364,4.608831,4.8347616,6.5262427,5.2820287,4.398139,4.2862945,5.544289,4.594995,2.3635707,4.758372,4.843513,5.4909377,4.7890587,5.2029276,4.9950166,5.824402,2.4971156,5.732735,3.6460767,5.2826896,6.0296583,4.097599,3.9642584,4.524512,4.475112,4.326138,5.109049,4.812293,5.942203,4.000441,4.789188,5.786814,3.7610438,4.845789,3.841389
TCGA-44-7660-01,2.7990856,6.28687,5.6578526,5.803592,3.6469333,4.303527,6.046344,6.6324873,5.1800213,5.3608675,4.8279085,5.1299486,5.3697925,5.6289864,4.3624663,4.8909087,5.794819,6.01729,4.7099957,4.244779,3.5458844,6.6712737,3.3264272,4.424681,4.4573317,6.161444,4.7671247,4.1271944,4.606404,4.5716496,4.8945427,6.6324835,5.2414527,4.546728,4.261565,5.301823,4.366505,2.3383782,4.775163,4.760018,5.5807934,4.4871,5.1104493,4.9500933,6.159734,2.1187692,5.7945356,3.6419568,5.4015174,6.05409,4.198714,3.84526,4.441411,4.79109,4.312499,5.4839315,4.7284927,5.9277973,4.1108937,4.9097347,5.8049417,3.4325502,4.6857305,3.820525
TCGA-86-8671-01,10.033313,3.43367,5.379838,5.2668977,4.8866205,5.300661,5.8488336,7.331173,4.685386,5.145049,5.7084556,4.3454084,4.255807,5.3359485,3.6444712,4.3332543,5.779618,6.1556306,5.877213,5.542704,3.9203634,7.150654,4.0721397,5.6806555,4.930421,5.5702496,4.425236,4.6798725,5.1393647,4.676579,4.4662075,6.080643,5.236086,4.43536,4.5229497,6.1057687,5.117772,2.5472546,4.281097,5.1930146,5.3697786,5.5624776,5.6331506,5.216189,5.3381224,3.29776,5.707795,4.070671,5.1725054,5.95928,4.2093744,4.6961865,5.1707716,3.3779516,4.06426,3.7078576,4.565982,5.597627,3.7914722,4.619854,5.912666,5.0801673,5.2486544,3.505956
TCGA-53-7626-01,0.2983564,6.842368,5.4453864,5.6848955,3.3483207,4.072796,6.4932513,6.739242,5.2931137,5.444133,4.984882,5.1674047,5.5543656,5.4797935,4.423482,5.072649,6.1121035,5.765212,4.2338123,3.9403224,3.8292336,6.4663773,3.270057,4.4680657,4.8855333,6.143843,4.920407,4.150749,4.5276566,4.342673,5.032147,6.754395,5.089112,4.7865314,4.582741,5.0695996,4.1802664,2.3390758,4.9049306,4.4384727,5.426663,4.4888387,5.3399215,5.007173,6.7012844,2.03549,5.696681,4.141509,5.487734,6.351679,4.5369368,3.9895155,4.519154,4.8495107,4.2132735,5.956806,4.420093,5.7874503,4.3836503,4.9813156,5.8420587,3.245474,4.562955,3.980345
TCGA-93-A4JQ-01,7.687183,4.5109105,5.4538803,5.5111127,4.354668,4.9891996,6.148649,6.9629045,4.939069,5.435139,5.443384,4.801459,4.602104,5.1416397,3.8004234,4.4284487,5.6724267,6.1318226,5.4572644,5.286694,3.679677,6.9809265,3.5865474,5.285394,4.7716584,5.9285064,4.41049,4.3574595,5.1396003,4.705361,4.5366554,6.3430777,5.3855753,4.2998857,4.4964776,5.835881,4.8211117,2.5027738,4.5806084,4.917506,5.3514194,5.305799,5.4894013,5.0638027,5.3908606,3.0532968,5.701781,3.8677871,5.003894,6.1429543,4.1147804,4.388354,4.9049425,3.8978035,4.116416,4.2518806,4.637718,5.839549,3.8320851,4.7016068,5.738789,4.4542937,5.137114,3.6490133
TCGA-75-7031-01,5.0938272,5.746697,5.5917115,5.717282,4.066934,4.6105776,6.0356555,6.778163,5.009365,5.3690543,5.100291,4.9817705,4.7923217,5.4768057,4.079456,4.7426686,5.719662,6.126799,5.0651917,4.7349005,3.537667,6.8608775,3.4410691,4.7755895,4.568347,6.035362,4.553005,4.2323065,4.872841,4.6445303,4.7958217,6.439348,5.296779,4.380058,4.334861,5.609126,4.6231294,2.422699,4.702058,4.848818,5.4782825,4.875122,5.2299213,4.982583,5.7268453,2.6043642,5.6897664,3.7090342,5.2530017,6.0544624,4.0925922,3.9913118,4.556731,4.404304,4.3384643,4.9684777,4.8220353,5.9518003,3.988811,4.7896743,5.7897534,3.902618,4.917844,3.8082645
TCGA-44-7672-01,5.8785205,5.410649,5.5086756,5.6756353,4.124553,4.7601523,6.091182,6.864777,4.9655356,5.4689555,5.246339,4.920723,4.7833643,5.3099866,3.9553857,4.646921,5.689128,6.061655,5.1729627,4.9387293,3.6420186,6.8931723,3.4674418,4.9604383,4.6945157,6.021654,4.4980125,4.245002,5.009695,4.649561,4.601823,6.359039,5.260234,4.367847,4.4204526,5.6998034,4.743492,2.4585023,4.7142363,4.8280983,5.4644356,5.0272284,5.3791246,4.9656734,5.550417,2.7070138,5.7386913,3.7270894,5.1801195,6.1057944,4.152804,4.1599464,4.7127213,4.242631,4.23528,4.757018,4.735871,5.9403796,3.9423828,4.7468047,5.7770348,4.0391192,4.987647,3.7769847
TCGA-L9-A50W-01,10.134544,3.6529398,5.3897247,5.255612,4.802144,5.202374,5.9292874,7.2533727,4.706025,5.1309376,5.644447,4.411265,4.282343,5.2727666,3.6619992,4.2731676,5.717961,6.2180905,5.838947,5.5106277,3.8678553,7.1702323,4.0555897,5.5982795,4.9306116,5.5712237,4.375186,4.6265583,5.1459928,4.727448,4.475887,6.165982,5.339387,4.4286785,4.540267,6.0323505,5.1285505,2.553846,4.2425566,5.228108,5.417543,5.5947366,5.5621996,5.1835675,5.3189673,3.2949762,5.710464,4.0034146,5.1538057,5.940685,4.180916,4.7186866,5.1660004,3.3961172,4.0527697,3.7629385,4.601509,5.6110153,3.703806,4.610509,5.9193416,5.077145,5.247915,3.5366309
TCGA-L9-A5IP-01,3.5494425,6.0688257,5.671464,5.824864,3.879345,4.3685846,6.0272374,6.6941032,5.079826,5.4284244,4.9388347,5.1148596,5.10095,5.561478,4.228374,4.813944,5.705526,6.0637054,4.792883,4.4929805,3.479136,6.7340555,3.2801213,4.521297,4.4641185,6.03268,4.68926,4.180753,4.755952,4.6189194,4.8940535,6.6021204,5.310655,4.4076657,4.30903,5.384795,4.449735,2.395274,4.8298726,4.7625566,5.5882,4.668295,5.13155,5.0368466,6.072016,2.331296,5.7479973,3.654285,5.263893,6.072509,4.0663824,3.847417,4.447356,4.644916,4.346321,5.294117,4.8396745,5.999892,4.009091,4.8955264,5.750034,3.594371,4.8069267,3.8944676
TCGA-17-Z052-01,6.2070427,5.278277,5.4992933,5.6951613,4.1930823,4.778197,6.089127,6.9028645,4.8950596,5.495192,5.2819633,4.886164,4.6820188,5.314452,3.9478476,4.628074,5.6724133,6.098455,5.2240715,5.0117493,3.6554863,6.857171,3.472907,4.9993963,4.685203,5.982147,4.473857,4.2600107,5.0796566,4.6736975,4.6315055,6.3580647,5.2993197,4.3482347,4.4263325,5.738179,4.781397,2.4497623,4.7371144,4.794782,5.463768,5.0681057,5.363795,5.005223,5.577226,2.7908251,5.7724237,3.7293785,5.1496916,6.134721,4.1179714,4.1808753,4.720803,4.175442,4.2483454,4.680405,4.782008,5.9842854,3.878144,4.7225003,5.7713776,4.0963817,5.028158,3.813077
TCGA-17-Z054-01,10.282479,3.4115734,5.4384646,5.2182703,4.925991,5.209429,5.855946,7.3384867,4.6248493,5.011676,5.6655207,4.3292365,4.1356416,5.400322,3.6532726,4.2707434,5.714806,6.1594114,5.9181194,5.4966345,3.8995545,7.1728573,4.124955,5.5932984,4.972677,5.523966,4.408717,4.6406546,5.0871124,4.657297,4.4796433,6.1438565,5.2752438,4.428739,4.4706955,6.116307,5.1265244,2.6144729,4.226265,5.3129587,5.380004,5.5856185,5.5907207,5.289569,5.2785726,3.37057,5.617929,4.0763407,5.1627417,5.9293494,4.1935816,4.763762,5.1839085,3.2799385,4.0202723,3.67628,4.620605,5.585327,3.684653,4.614259,6.0262847,5.21166,5.2696505,3.553457
TCGA-55-6980-01,10.118604,3.4142118,5.4532337,5.2066855,4.8124394,5.235958,5.879992,7.344205,4.7244654,5.081392,5.5969267,4.3849335,4.2184944,5.4022226,3.6233852,4.247528,5.7032785,6.1272693,5.898521,5.5614886,3.881769,7.1601167,4.051649,5.6182766,5.0238695,5.563646,4.4069576,4.5414243,5.065098,4.597269,4.3946004,6.147225,5.2937703,4.43206,4.463495,6.1006293,5.0861077,2.609916,4.257734,5.307891,5.297027,5.6065073,5.631626,5.261899,5.201107,3.4119344,5.5851426,4.0497484,5.104528,5.961465,4.1752415,4.701163,5.1390433,3.3406696,4.0339255,3.6805007,4.548164,5.5678644,3.7715302,4.657337,5.9630795,5.1068406,5.259353,3.515502
TCGA-35-4123-01,4.0552187,6.0253353,5.684065,5.811187,3.8858135,4.4705005,6.02424,6.726848,5.0281215,5.427984,5.036385,5.1310983,5.004571,5.544072,4.174243,4.7408094,5.72172,6.087336,4.8463235,4.5560517,3.4811394,6.7765126,3.311956,4.560896,4.506734,6.0371995,4.631426,4.133639,4.8291793,4.6364923,4.8293858,6.6311,5.303321,4.383613,4.2937593,5.4395714,4.535328,2.3564346,4.8499103,4.780416,5.5653353,4.705388,5.1557455,5.0044746,5.9375887,2.348563,5.756393,3.603588,5.2278414,6.060332,4.050289,3.9128098,4.525272,4.5551143,4.287578,5.26997,4.8331594,6.0025415,3.9514463,4.8504233,5.756916,3.6191127,4.8333764,3.943686
TCGA-55-A4DG-01,0.7889814,6.700146,5.5237064,5.763214,3.3192778,4.111182,6.2761846,6.5679436,5.3739915,5.481359,4.7523,5.207694,5.7708817,5.549346,4.5103617,5.032606,5.9188633,5.8613224,4.401292,3.948271,3.662545,6.437058,3.203823,4.4042454,4.571984,6.2817345,4.8875117,4.104522,4.4900374,4.4432034,4.9730206,6.6793575,5.1803355,4.772052,4.4277415,5.1039605,4.1791105,2.3186023,4.824101,4.577015,5.528356,4.3132524,5.1536937,4.9376564,6.6720924,1.9040239,5.86588,3.8024557,5.5235715,6.208495,4.40445,3.876709,4.3897653,4.979628,4.2920732,5.790566,4.5968666,5.8678055,4.23239,5.031853,5.785525,3.121977,4.5122294,3.7766511
TCGA-17-Z030-01,1.0815643,6.5009146,5.5611773,5.828773,3.3485086,4.1327014,6.197977,6.50639,5.4054494,5.419923,4.6932473,5.1793227,5.839011,5.6620197,4.4975495,5.020845,5.835064,5.9301114,4.510349,3.9323022,3.6430416,6.4896455,3.2388504,4.356742,4.4383492,6.2627316,4.860075,4.1020107,4.4530687,4.5203123,4.9996676,6.6419024,5.249181,4.652946,4.3515778,5.128253,4.1838984,2.3437772,4.7597713,4.6313725,5.5631304,4.3105764,5.072707,4.863886,6.683099,1.8707453,5.9212794,3.720437,5.5075803,6.1553206,4.360669,3.8291159,4.3768725,5.0630913,4.3338375,5.7272725,4.6577706,5.9006734,4.1925006,5.0319185,5.8103633,3.2154114,4.5291486,3.6765819
TCGA-55-8616-01,1.8444244,6.2893767,5.6498346,5.826433,3.490277,4.25347,6.035615,6.652266,5.43682,5.372151,4.7845454,5.085602,5.480554,5.5967627,4.451636,5.021334,5.8768063,6.01828,4.7030845,4.088629,3.5715222,6.623835,3.3159258,4.4007397,4.359774,6.2121453,4.862633,3.9205441,4.4739385,4.5424047,4.909451,6.5775332,5.1164756,4.699618,4.3037577,5.16272,4.2969375,2.2903728,4.81935,4.651113,5.721232,4.3117113,5.06812,4.8515534,6.367066,1.9274646,5.993997,3.73319,5.5102396,6.045532,4.274446,3.8488705,4.4337554,4.9874,4.243562,5.6196527,4.72856,5.847048,4.132874,5.0094094,5.7418222,3.347129,4.5866575,3.6901412
TCGA-97-8179-01,6.1484365,5.2080407,5.5312953,5.6312575,4.138384,4.748343,6.1346965,6.818117,5.0059576,5.4264297,5.232742,4.9570913,4.7868757,5.309182,3.9532404,4.5599856,5.6956987,6.116785,5.2045507,4.9588537,3.5910044,6.915914,3.4721162,4.980243,4.657034,6.001446,4.4943376,4.2989283,4.9832387,4.6847167,4.696828,6.4606013,5.3660054,4.294861,4.396746,5.667907,4.6762376,2.4689586,4.638733,4.857605,5.4267836,5.056242,5.345335,5.0164914,5.5577207,2.7861295,5.6788535,3.7684808,5.0946317,6.0929594,4.0891705,4.163489,4.7300577,4.22273,4.221001,4.7040834,4.702115,5.902958,3.9317122,4.7606874,5.7352033,4.1039166,5.02129,3.7535758
TCGA-17-Z022-01,0.40949178,6.821298,5.508673,5.683823,3.3624475,4.080839,6.5536966,6.722167,5.305762,5.470291,4.8455415,5.209843,5.6479826,5.5411835,4.4223156,5.0903616,6.144126,5.7172422,4.2366934,3.9256268,3.8448079,6.3740044,3.2730567,4.4901495,4.84109,6.1293645,4.9267473,4.1725116,4.5437565,4.315146,5.156134,6.779287,5.101044,4.765019,4.548841,5.139251,4.1292696,2.3854108,4.8947973,4.446427,5.348507,4.5032268,5.340168,5.031942,6.707377,2.093225,5.70638,4.035446,5.47291,6.3848534,4.53441,3.9398081,4.395954,4.8616843,4.240932,5.886543,4.393902,5.8337383,4.405776,4.9658628,5.866327,3.266254,4.570229,3.8981566
TCGA-55-7728-01,8.391345,4.144667,5.4167886,5.393005,4.4906826,5.1137767,6.054003,7.033874,4.965209,5.428129,5.5848856,4.7251954,4.508331,5.1862803,3.7358024,4.3417425,5.7436323,6.113722,5.5604734,5.437418,3.712361,7.0203714,3.6273305,5.4750123,4.829429,5.944667,4.4402156,4.372117,5.1500826,4.6890545,4.456199,6.3106565,5.365926,4.2706013,4.546631,5.917481,4.79482,2.5419853,4.5064974,4.9561543,5.256172,5.3917866,5.5763903,5.114612,5.299402,3.1967483,5.6311326,3.9742842,4.944199,6.184517,4.084782,4.459271,4.9732227,3.8729734,4.0604696,4.1024036,4.5355215,5.7692313,3.8680172,4.6954927,5.7451773,4.5548215,5.212791,3.5806773
TCGA-49-6742-01,4.0966997,6.112406,5.671142,5.761462,3.8982327,4.462614,6.0140424,6.74764,5.076486,5.392325,5.043956,5.1069636,4.926903,5.5857515,4.176681,4.745158,5.725848,6.1345744,4.942541,4.523074,3.4877982,6.815779,3.3496773,4.5793195,4.466487,6.0314755,4.621793,4.104679,4.796384,4.6460824,4.8475103,6.546747,5.3024926,4.353578,4.2794647,5.4685726,4.537464,2.3523245,4.815894,4.78365,5.5366893,4.7866516,5.117836,4.9879603,5.9739566,2.3806934,5.7610183,3.649062,5.3209815,6.0099864,4.06341,3.8864825,4.4727597,4.5982504,4.3460197,5.247691,4.879919,5.969226,3.9830697,4.7986236,5.7688212,3.6971931,4.818834,3.8630843
TCGA-62-A46Y-01,9.96068,3.7429008,5.381527,5.2421837,4.82517,5.2415214,5.9615126,7.215395,4.7417426,5.1407948,5.7097464,4.4611993,4.377732,5.198215,3.6940749,4.2871256,5.682143,6.088268,5.75047,5.482652,3.8613746,7.162743,3.96536,5.603649,4.9515033,5.7340183,4.3828597,4.6228805,5.078977,4.6784825,4.4752383,6.2352524,5.398997,4.4208035,4.53763,6.0625744,5.0501227,2.5704222,4.2611966,5.2389474,5.3235083,5.614926,5.5511174,5.170617,5.3077865,3.3019414,5.6564894,3.9626355,5.171641,5.999171,4.165474,4.6514454,5.0708213,3.5146275,4.050718,3.7807727,4.5845485,5.6210327,3.740314,4.614985,5.970099,5.077045,5.2483797,3.5301583
TCGA-97-7552-01,10.003145,3.29648,5.3822927,5.1831183,4.889006,5.3295507,5.875444,7.333729,4.704732,5.1073065,5.696899,4.343672,4.2807274,5.352172,3.6176672,4.2638807,5.698643,6.140436,5.9181566,5.608553,3.9275403,7.1917887,4.0759835,5.75879,4.974379,5.612045,4.4169774,4.708993,5.100208,4.6699843,4.4153805,6.1026464,5.306045,4.4125285,4.5111322,6.1172266,5.1174154,2.6022706,4.1963058,5.29835,5.3108773,5.6559854,5.6485243,5.219316,5.18567,3.3930793,5.6635623,4.056295,5.12561,5.9651217,4.17304,4.7066326,5.14713,3.4524224,4.0439334,3.6324186,4.544716,5.5655107,3.823699,4.577639,5.95093,5.1335316,5.3144197,3.4831486
TCGA-55-8301-01,3.5832896,6.1139045,5.6966515,5.788127,3.8711824,4.420276,5.969982,6.756125,5.0741587,5.3773317,4.8869104,5.0848613,5.11891,5.568298,4.225811,4.8095145,5.731595,6.0770783,4.832805,4.475512,3.4907455,6.7798223,3.3309212,4.520566,4.486108,6.012049,4.678702,4.138614,4.7447786,4.5976067,4.916697,6.574369,5.293837,4.4410963,4.2797904,5.4268427,4.495965,2.338466,4.79469,4.78111,5.568148,4.7034945,5.1182504,4.999488,6.038214,2.3157892,5.733794,3.6274185,5.2790294,6.0395565,4.082578,3.8634794,4.459643,4.5682898,4.337126,5.2756467,4.815164,5.959046,4.012945,4.83779,5.8005753,3.6035442,4.79971,3.8668559
TCGA-50-5049-01,0.5828711,6.7244086,5.466077,5.7397075,3.3081372,4.0771613,6.3187466,6.5914917,5.377885,5.4573436,4.8545876,5.1847024,5.700164,5.527987,4.479718,5.040273,5.955065,5.8740563,4.3624244,3.915821,3.7203398,6.4749794,3.2254298,4.408559,4.641313,6.2398124,4.9046097,4.1260905,4.482997,4.432629,4.9737678,6.6709194,5.153552,4.768658,4.486639,5.0603876,4.175007,2.3351812,4.82132,4.5320635,5.5408664,4.343213,5.2053304,4.9296002,6.7196517,1.9153801,5.8274884,3.9329116,5.5222297,6.234407,4.460733,3.9160495,4.473757,4.974161,4.2745943,5.8619986,4.5371823,5.829769,4.295472,5.0295615,5.8035736,3.1562586,4.5186257,3.8422062
TCGA-78-8655-01,7.8797345,4.322802,5.451018,5.451703,4.39045,5.0324264,6.123981,6.9723563,4.97127,5.4122643,5.5156026,4.75403,4.54241,5.144095,3.770961,4.3852816,5.7106757,6.1608,5.503694,5.342968,3.6740434,7.021845,3.6166818,5.3453097,4.78576,5.9834313,4.437289,4.3418455,5.1371727,4.732747,4.5227065,6.372175,5.40114,4.2834015,4.547022,5.8460345,4.799299,2.5111248,4.5389547,4.9267,5.345708,5.346524,5.488952,5.0826554,5.3571963,3.0876486,5.6912527,3.9442468,4.9524775,6.1506996,4.0723767,4.4081087,4.9325213,3.918178,4.095991,4.183821,4.628789,5.797816,3.8292058,4.689397,5.732177,4.4972215,5.1928067,3.631491
TCGA-55-7816-01,10.292718,3.277598,5.432849,5.2231846,4.9420614,5.226929,5.8589573,7.361585,4.60402,4.993359,5.729104,4.275524,4.0789094,5.4176226,3.6268296,4.2916913,5.75578,6.20306,5.9581213,5.49465,3.9192727,7.1899214,4.191354,5.6189775,4.9503226,5.4835196,4.4376965,4.6769757,5.112243,4.702628,4.5202494,6.1204762,5.2270803,4.4112697,4.5073457,6.1307487,5.1297884,2.5964277,4.2260537,5.2841706,5.40637,5.562443,5.6066365,5.31592,5.3380737,3.3310633,5.6357436,4.165177,5.137282,5.940697,4.2036695,4.8176413,5.2604423,3.2241473,3.9858441,3.6529708,4.6106095,5.56774,3.669022,4.604882,6.010405,5.264687,5.2892427,3.5398245
TCGA-91-6848-01,1.1237501,6.50986,5.6224985,5.7987847,3.417624,4.1326056,6.281973,6.6041927,5.359388,5.403083,4.6309943,5.1731696,5.77134,5.696131,4.476015,5.053469,5.9289093,5.8529387,4.463025,3.9265265,3.7102044,6.463978,3.2708433,4.371431,4.525903,6.169278,4.888842,4.0983,4.4545536,4.4568877,5.118643,6.702249,5.192002,4.635534,4.3554025,5.170237,4.1610107,2.3778255,4.7994227,4.607323,5.476672,4.4078155,5.1402273,4.917114,6.6030307,1.9608908,5.8470287,3.7525392,5.4825263,6.2165203,4.3873715,3.8079183,4.3110275,5.021676,4.3027997,5.730347,4.5727873,5.8976374,4.2713394,4.975737,5.875694,3.3216019,4.5766726,3.7101078
TCGA-86-A4P8-01,10.159818,3.1745226,5.4201903,5.2503796,5.075416,5.278054,5.753255,7.4320817,4.5149083,4.9625154,5.780244,4.1734967,4.0507836,5.472588,3.6403294,4.3791213,5.835485,6.1662354,5.9781747,5.4597425,3.9787722,7.1720557,4.257743,5.670889,4.905814,5.4414144,4.491385,4.8194084,5.112781,4.6872096,4.56968,6.0204835,5.1009827,4.425356,4.464043,6.186169,5.164276,2.5848312,4.2299285,5.2578397,5.4449115,5.503634,5.633514,5.3503246,5.3952637,3.2866123,5.68036,4.188672,5.2241774,5.9122033,4.2521243,4.8140903,5.281948,3.1766088,4.035387,3.6227274,4.636509,5.571217,3.7082832,4.606711,6.0355244,5.2725406,5.2718143,3.5479312
TCGA-55-7574-01,3.8907576,6.0524745,5.7321224,5.7279835,3.8943973,4.4214025,6.0212936,6.727382,5.051229,5.41879,5.1095366,5.181631,4.9460816,5.6447783,4.1723156,4.7111015,5.7566233,6.080371,4.826466,4.5523987,3.493837,6.743852,3.3336074,4.549845,4.483543,6.0239563,4.6513824,4.1540112,4.8325553,4.607812,4.8157444,6.613166,5.3013315,4.3045564,4.298652,5.439121,4.5144453,2.378219,4.873224,4.8119764,5.48097,4.755233,5.1613827,5.081358,5.9859276,2.375804,5.7896433,3.6374407,5.291027,6.05634,4.046774,3.8872092,4.4560833,4.621344,4.345009,5.304495,4.8830843,5.992265,3.984696,4.842044,5.773021,3.6781743,4.8105783,3.9010594
TCGA-17-Z060-01,4.403309,5.9694724,5.649504,5.7241297,3.9505978,4.519132,6.044719,6.777639,5.0324345,5.361473,5.02763,5.057627,4.9125485,5.5519414,4.1513343,4.760001,5.7707334,6.1140676,4.9557443,4.611095,3.51958,6.784277,3.4067192,4.655695,4.543734,6.0528746,4.60933,4.221362,4.8266435,4.594169,4.8847713,6.531471,5.2726316,4.4106164,4.2830076,5.5124083,4.582437,2.3812382,4.7282133,4.846579,5.509993,4.7626886,5.2141643,4.9906583,5.835787,2.513421,5.7045455,3.6345205,5.279014,6.0064783,4.1060686,3.9394455,4.515698,4.491467,4.3545694,5.1372304,4.7903833,5.939301,4.0467014,4.8003964,5.7773013,3.7367334,4.8462043,3.8536706
TCGA-50-5930-01,0.563293,6.796728,5.5670137,5.682783,3.407069,4.100363,6.627906,6.761917,5.2714634,5.4648294,4.790519,5.223676,5.6616654,5.6014657,4.397744,5.1131444,6.1983624,5.6570177,4.220599,3.930048,3.8829591,6.335047,3.3055158,4.509722,4.8648186,6.0678,4.9257917,4.1919928,4.559925,4.287602,5.2610874,6.816169,5.104995,4.7124357,4.5284176,5.211005,4.108884,2.4111233,4.909099,4.4417653,5.2580194,4.5696564,5.3604827,5.062805,6.679064,2.16334,5.6730046,4.01412,5.441914,6.434103,4.532494,3.9165869,4.32687,4.8409386,4.246504,5.8632574,4.3638835,5.86167,4.4309955,4.931318,5.910846,3.3464978,4.6001725,3.868562
TCGA-55-7910-01,3.4401805,6.186512,5.659603,5.7924886,3.805111,4.4108515,5.981336,6.6760015,5.1105447,5.3453526,4.937065,5.071891,5.1136837,5.6074357,4.2604637,4.923926,5.7859206,6.0245523,4.781265,4.3842483,3.508524,6.755166,3.3651352,4.51265,4.5019155,6.1580424,4.7013216,4.137625,4.65918,4.587805,4.837813,6.538826,5.2036443,4.507141,4.282106,5.4297924,4.4551873,2.37213,4.7579064,4.824941,5.561901,4.5627913,5.1316223,4.947986,5.925331,2.2080355,5.708503,3.6694562,5.3880906,6.0531535,4.1374655,3.8549154,4.4394464,4.7284045,4.3327107,5.38603,4.81683,5.955172,4.087746,4.8948083,5.839401,3.5674605,4.7687883,3.8566923
TCGA-62-A46V-01,9.497282,3.5760787,5.421006,5.3170557,4.6167665,5.2019963,6.0445833,7.1813273,4.8042755,5.259382,5.6219935,4.5300493,4.351468,5.222493,3.6438296,4.2670374,5.7266603,6.190898,5.789921,5.5446877,3.806032,7.1295247,3.9098191,5.559583,4.8876166,5.7342415,4.3999434,4.5337496,5.180701,4.7048926,4.432703,6.1995897,5.3166876,4.3070283,4.513506,6.036581,5.00421,2.5607255,4.379124,5.111282,5.3115473,5.525308,5.6205707,5.183009,5.221824,3.2732532,5.6596174,4.0268626,4.996911,6.0539284,4.1479206,4.6496096,5.139755,3.505671,4.0327435,3.8532634,4.550312,5.6715765,3.7642102,4.6439595,5.8117743,4.871696,5.2472773,3.5288932
TCGA-69-7761-01,10.1238165,3.5118155,5.4367642,5.17503,4.880284,5.162672,5.91178,7.2512813,4.6975255,5.067392,5.529263,4.3803763,4.2626987,5.35885,3.6604214,4.226732,5.6253495,6.1027837,5.8369436,5.5297856,3.8690982,7.187545,4.046265,5.5975647,4.939295,5.606893,4.4413257,4.648915,5.060749,4.667866,4.3995156,6.17681,5.357854,4.4364114,4.4710693,6.045179,5.048285,2.6864321,4.193949,5.3377733,5.364407,5.63845,5.5995884,5.289161,5.15624,3.3672893,5.59902,4.018838,5.1101937,5.959403,4.1513925,4.717149,5.099931,3.456139,4.0193167,3.7502494,4.5932913,5.59656,3.7529688,4.5980844,6.0330267,5.099481,5.2982044,3.5583673
TCGA-97-7938-01,2.827799,6.2408543,5.664259,5.8157153,3.7019694,4.251618,5.99027,6.5761237,5.1975045,5.446111,4.856638,5.1925745,5.3206077,5.6777205,4.3432736,4.8078995,5.687454,6.021232,4.747009,4.2286487,3.4961672,6.680293,3.2115855,4.3852873,4.3641953,6.121806,4.773154,4.091068,4.6339684,4.6317086,4.8498974,6.626307,5.268094,4.4444866,4.274165,5.237814,4.3557796,2.4025617,4.813078,4.7747054,5.654853,4.503759,5.0680437,4.9725127,6.233983,2.1064265,5.863031,3.5783384,5.398953,6.017814,4.1422153,3.8038342,4.409743,4.8887076,4.3168445,5.516147,4.831213,5.983723,4.0455637,4.948341,5.796474,3.4295688,4.6831055,3.8575935
TCGA-17-Z056-01,1.3834331,6.577848,5.544848,5.826297,3.370487,4.1345267,6.056678,6.4846773,5.4071765,5.4231324,4.78457,5.172028,5.6852117,5.6028476,4.487545,4.984637,5.7820964,6.00896,4.5861053,3.9637332,3.5736048,6.5880785,3.2361782,4.326281,4.3454037,6.2785144,4.8689394,4.0229,4.4662356,4.5837765,4.836398,6.57415,5.2021084,4.6983414,4.3278956,5.0723124,4.238301,2.3015497,4.7895494,4.6492043,5.7049136,4.22099,5.0334725,4.8576345,6.5799017,1.8056592,5.9761515,3.7156281,5.529834,6.0695586,4.309629,3.8562891,4.468484,5.043729,4.296862,5.7526965,4.7415957,5.882257,4.132478,5.0370812,5.7674117,3.152803,4.521262,3.7454758
TCGA-50-6591-01,9.324438,3.6480238,5.437696,5.34002,4.564824,5.1045833,6.064489,7.1436515,4.798155,5.2932186,5.4804688,4.534285,4.4082117,5.235031,3.6150067,4.2767897,5.7000365,6.2080636,5.770061,5.509817,3.8123934,7.118615,3.903926,5.484213,4.845814,5.7343388,4.4302697,4.590905,5.171683,4.721352,4.459857,6.1550517,5.285398,4.2930813,4.4652214,5.995319,4.999688,2.5912783,4.37583,5.1006613,5.3595433,5.5099573,5.6061473,5.195029,5.1491385,3.2262459,5.6894493,3.9790986,4.9694047,6.0438857,4.1309133,4.5992107,5.1220016,3.5430312,4.1098056,3.8893428,4.6020617,5.710522,3.8114417,4.6488175,5.794427,4.8034515,5.2534366,3.5716505
TCGA-MP-A4TA-01,2.992136,6.186311,5.72796,5.7514925,3.7366028,4.2823453,5.9755707,6.634969,5.1651454,5.4252453,4.893185,5.20766,5.282807,5.679866,4.3575425,4.7725124,5.7478137,6.046533,4.7545185,4.3706374,3.450337,6.6454105,3.2781096,4.416343,4.368851,6.1106033,4.768951,4.159975,4.7137036,4.589201,4.842374,6.6175714,5.268546,4.4370794,4.258,5.283593,4.415876,2.3531125,4.8255424,4.8234053,5.628662,4.472162,5.1027713,5.057968,6.1911864,2.2306259,5.898605,3.5706232,5.378971,5.9860926,4.103503,3.839433,4.4227915,4.755488,4.3460298,5.422413,4.848005,5.956962,4.0206876,4.962042,5.7367105,3.4178941,4.671266,3.824172
TCGA-55-8091-01,10.05632,3.5353892,5.41093,5.2485294,4.8922744,5.2662716,5.874751,7.3038735,4.65831,5.0682526,5.6288404,4.38544,4.2319922,5.2752714,3.6836758,4.2624226,5.6375275,6.075424,5.855801,5.4876227,3.884927,7.2103305,4.0466576,5.585256,4.9728155,5.578496,4.353362,4.5828557,5.079301,4.6729136,4.4657855,6.1764145,5.3272,4.404596,4.4761295,6.1318145,5.147426,2.605326,4.2750993,5.2796597,5.389115,5.626283,5.533044,5.2216887,5.221958,3.345326,5.6656785,3.9746745,5.1840034,5.9365287,4.1684093,4.729023,5.1296887,3.39008,4.023138,3.6923447,4.6585183,5.6180925,3.636322,4.572781,6.0379057,5.1451917,5.269838,3.5621967
TCGA-J2-A4AG-01,8.478704,4.0723453,5.4035254,5.406958,4.5041366,5.128847,6.098974,7.074666,4.8913503,5.428508,5.641113,4.6906753,4.5598984,5.2147427,3.746798,4.369523,5.734572,6.0108504,5.5180216,5.4211226,3.778345,7.0127616,3.6289215,5.4478316,4.859653,5.9614706,4.4664917,4.4560094,5.110201,4.658747,4.4378753,6.326302,5.377391,4.276799,4.5182667,5.977178,4.7971234,2.5181656,4.5302587,4.953606,5.237683,5.39177,5.6011086,5.1445603,5.338794,3.1430624,5.6060762,4.017617,4.968867,6.2106757,4.10114,4.459166,4.9846787,3.8513591,4.0529146,4.1775794,4.5218134,5.7627745,3.8845809,4.719884,5.7881293,4.6075716,5.21352,3.5929708
TCGA-44-2657-01,2.6733186,6.240392,5.617491,5.8457484,3.655982,4.2462573,6.024342,6.59183,5.236614,5.406875,4.8112125,5.138736,5.3835287,5.6394696,4.370311,4.8504233,5.6942854,6.059959,4.7504034,4.206155,3.515426,6.6990347,3.2393665,4.3808613,4.381079,6.1371512,4.770636,4.0853233,4.591218,4.639544,4.87187,6.613979,5.2769775,4.489603,4.279896,5.2176814,4.355436,2.3724627,4.7943683,4.735317,5.6725082,4.483938,5.055953,4.9190874,6.317411,2.0768008,5.8661814,3.6341672,5.409459,6.0158324,4.1713977,3.8221254,4.443871,4.9057717,4.323393,5.534919,4.8150473,5.9474673,4.051903,4.947527,5.77107,3.4179764,4.673764,3.826889
TCGA-95-A4VK-01,4.201885,5.9622416,5.6865835,5.6912627,3.8431866,4.504614,6.0369973,6.705804,5.0858006,5.3820868,5.044845,5.1538754,5.0266476,5.6049347,4.1996922,4.6785164,5.772887,6.057743,4.9265223,4.5609527,3.4856043,6.7399955,3.3708405,4.6074333,4.5014186,6.1289496,4.63114,4.164844,4.8276405,4.5908737,4.787828,6.6115327,5.2606916,4.4017906,4.2704678,5.4042044,4.575225,2.364232,4.74727,4.8973155,5.546123,4.6485868,5.2230725,4.995887,5.8663735,2.4279468,5.8030295,3.5610096,5.285638,5.963667,4.1239986,3.9759533,4.5587473,4.548871,4.2790613,5.1944146,4.763138,5.92022,4.0047684,4.8560867,5.7468977,3.61872,4.7734947,3.8307152
TCGA-J2-8192-01,9.036334,3.8456843,5.4528,5.3206034,4.5224166,5.149162,6.0806837,7.1093206,4.8755007,5.2821355,5.557296,4.642085,4.4438267,5.2259564,3.6987114,4.2617865,5.729187,6.1928167,5.688932,5.4958,3.7455175,7.081463,3.8091307,5.4913673,4.8920045,5.836237,4.381065,4.4984145,5.1363,4.6617236,4.4550514,6.275047,5.3820424,4.2966003,4.4794393,5.9557285,4.950476,2.5449598,4.3817077,5.1049914,5.256183,5.4835587,5.580341,5.1205177,5.2604184,3.2587452,5.6403046,3.9409325,5.024693,6.050964,4.1190777,4.5452776,5.0188346,3.6355147,4.1002865,3.9570286,4.5476975,5.6861305,3.8169475,4.6826286,5.7936096,4.7134185,5.2051396,3.546434
TCGA-05-4417-01,3.41799,6.103036,5.719387,5.788757,3.795958,4.3851614,6.024941,6.659462,5.0047483,5.219818,4.9737353,5.0890055,5.184827,5.7092667,4.2512865,4.8521004,5.865062,6.0696173,4.7178397,4.4610686,3.478912,6.754286,3.4637947,4.43848,4.5101604,6.1548023,4.6979775,4.2982016,4.6992373,4.567532,4.932028,6.6425533,5.309822,4.4130697,4.219461,5.46053,4.440618,2.3386066,4.7520337,4.8654885,5.465465,4.5572133,5.1374836,5.061741,5.9591274,2.30342,5.662148,3.6787038,5.334472,6.0604844,4.084371,3.8486433,4.4689574,4.5835204,4.3966317,5.4179506,4.7979927,5.95555,4.0588584,4.9168067,5.794558,3.5838404,4.7757964,3.8648045
TCGA-44-2662-01,4.998585,5.6986694,5.6344256,5.7098603,4.033939,4.630324,6.1013317,6.820726,4.9732604,5.3577423,5.1501307,5.0297594,4.906765,5.458738,4.061412,4.6737833,5.716932,6.1471057,5.043542,4.804618,3.5483382,6.824572,3.4686258,4.772938,4.570504,5.9804945,4.542586,4.247624,4.9174747,4.645821,4.857125,6.543517,5.3857636,4.328885,4.309173,5.607246,4.6217065,2.3667784,4.754618,4.8318563,5.448634,4.9505463,5.2242503,5.032987,5.81828,2.6327143,5.719334,3.686985,5.1864796,6.065287,4.067069,4.029445,4.579034,4.3568954,4.313367,4.928823,4.795431,5.9421487,3.9370189,4.742541,5.7421265,3.9103143,4.9082284,3.8048172
TCGA-97-8552-01,10.081324,3.5264,5.4002347,5.2441893,4.8995,5.2614074,5.845332,7.3279624,4.65335,5.102323,5.5874476,4.3695583,4.2695093,5.3718076,3.6565378,4.289579,5.6682754,6.1365337,5.885026,5.5367384,3.9042468,7.1607246,4.053001,5.64171,4.935769,5.5220056,4.3858523,4.6727605,5.099213,4.62836,4.4395375,6.0829053,5.2967906,4.4708877,4.4537005,6.1190743,5.1406107,2.5924656,4.238251,5.2900343,5.356027,5.602985,5.6010766,5.225093,5.244352,3.360321,5.6616855,3.9501963,5.1989207,5.9224463,4.1878147,4.6711445,5.0896406,3.381967,4.0728297,3.6746035,4.6063437,5.611427,3.7696228,4.6021953,5.9842334,5.107023,5.243773,3.52827
TCGA-97-8174-01,5.7648106,5.3665013,5.5411115,5.683242,4.117492,4.6943746,6.1102915,6.8024626,4.995664,5.4096794,5.160804,4.944821,4.7927804,5.3563433,4.000559,4.6359587,5.6820374,6.128029,5.1647215,4.897926,3.5692844,6.893117,3.4581218,4.9211745,4.61678,6.0112567,4.5093307,4.2945404,4.9451084,4.680226,4.7451506,6.449583,5.3668694,4.310849,4.3828535,5.6397567,4.6488986,2.4532046,4.6553817,4.84145,5.4471273,5.005649,5.2979317,5.003082,5.6580153,2.7347505,5.6774664,3.7485957,5.133906,6.0934577,4.0803676,4.100812,4.6700797,4.278719,4.272646,4.7827096,4.7426333,5.928206,3.9345963,4.7742124,5.732362,4.035529,4.995035,3.7506037
TCGA-78-7540-01,4.1503286,6.0158105,5.6730647,5.73527,3.8643177,4.506489,6.076325,6.7181544,5.0419865,5.3984747,5.0496135,5.1470203,5.004576,5.5634823,4.1621895,4.7319107,5.790532,6.074268,4.8800235,4.563985,3.5031743,6.7543464,3.3745916,4.617635,4.536952,6.0906577,4.624618,4.1747904,4.8360806,4.6032753,4.8540206,6.622189,5.274381,4.4069567,4.2884197,5.4557734,4.5451484,2.368572,4.7691855,4.8307066,5.5185385,4.702598,5.2156596,4.992671,5.8384643,2.4368825,5.719859,3.5962117,5.2575984,6.025778,4.1094847,3.9428694,4.531334,4.545931,4.2873125,5.227218,4.7543774,5.956112,4.0393853,4.826524,5.760035,3.6384459,4.814223,3.891646
TCGA-17-Z055-01,0.56865007,6.7208586,5.4837146,5.730358,3.3010209,4.062271,6.347137,6.570131,5.4100623,5.4551454,4.755856,5.2094584,5.77484,5.56185,4.4778385,5.051126,5.9727926,5.884643,4.3633857,3.8863478,3.7367387,6.448704,3.2456787,4.404492,4.604282,6.2193947,4.9165187,4.137353,4.4929056,4.4302883,5.037673,6.654156,5.1483393,4.756745,4.4744363,5.0855703,4.148566,2.3595934,4.802756,4.528497,5.5133777,4.317619,5.209824,4.924218,6.7500834,1.9339916,5.8423934,3.867811,5.5148425,6.244445,4.4769955,3.9017272,4.4309134,4.982156,4.2891707,5.8503776,4.5107765,5.8406396,4.3195133,5.0150886,5.829558,3.1538439,4.5151563,3.7842069
TCGA-17-Z000-01,7.2233,4.713049,5.4398274,5.553287,4.2899914,4.952784,6.179736,6.897567,4.9695983,5.513091,5.4070783,4.873568,4.644548,5.125421,3.820763,4.4300613,5.62397,6.1460595,5.4069457,5.24707,3.6462073,6.951191,3.5098894,5.244057,4.7283673,5.947466,4.394166,4.302903,5.159921,4.7274337,4.5744987,6.37819,5.423792,4.2885947,4.5224667,5.786312,4.795863,2.4988613,4.629047,4.859441,5.363109,5.282619,5.450509,5.031628,5.4288325,3.0187912,5.742029,3.804507,4.9902725,6.158779,4.094983,4.3405046,4.853634,3.9803388,4.124171,4.312853,4.6645904,5.890847,3.8191972,4.697382,5.717827,4.3645372,5.121876,3.6682115
TCGA-05-4432-01,1.1484548,6.5597663,5.5046825,5.800151,3.3450282,4.123974,6.1662865,6.502349,5.398151,5.44259,4.77998,5.169529,5.72432,5.5893292,4.481026,4.9948835,5.8112273,5.9712033,4.5170965,3.9474843,3.6308033,6.5254235,3.204171,4.373666,4.4534063,6.2787795,4.8611097,4.105826,4.4636717,4.520175,4.9220777,6.613735,5.228504,4.6903934,4.3917565,5.0887036,4.202362,2.3451357,4.7488623,4.623335,5.6220074,4.278697,5.092274,4.864655,6.6482205,1.8661122,5.8973637,3.7679713,5.524278,6.1336393,4.3677487,3.846657,4.4353046,5.044987,4.32758,5.730859,4.649437,5.87805,4.210102,5.037456,5.7851753,3.16489,4.5286407,3.7549217
TCGA-17-Z009-01,9.746976,3.6011477,5.426148,5.258732,4.6716576,5.2350106,5.9701805,7.2303333,4.83288,5.2059536,5.5610127,4.49342,4.320829,5.3114963,3.6556726,4.220974,5.727363,6.2317963,5.8440943,5.578942,3.803147,7.1392603,3.9246964,5.6564426,4.9311614,5.6474257,4.375898,4.512312,5.1720247,4.701972,4.417197,6.213278,5.347673,4.348196,4.5267982,5.9988427,5.0382757,2.5403562,4.2964616,5.161586,5.2967515,5.556579,5.6043577,5.154765,5.248678,3.3597007,5.6773353,4.044324,5.002949,6.016975,4.1191044,4.6555557,5.128408,3.5469737,4.038095,3.7775986,4.5522943,5.6248274,3.7766578,4.6113486,5.816197,4.872244,5.2810698,3.5205884
TCGA-75-6212-01,10.264606,3.3585389,5.3940563,5.219948,4.902909,5.2470026,5.8770328,7.3004184,4.6829224,5.0963626,5.620926,4.3276205,4.205377,5.34869,3.627483,4.265233,5.7144327,6.216172,5.91838,5.570969,3.897062,7.192839,4.125934,5.666056,4.911229,5.4991493,4.4202766,4.6516423,5.146397,4.7129455,4.4312897,6.104308,5.2904763,4.463166,4.5365925,6.0729723,5.1246223,2.6115158,4.2170854,5.2631946,5.428047,5.614329,5.622907,5.2577376,5.2893376,3.3267665,5.683536,4.0579767,5.1424975,5.929732,4.190244,4.765546,5.1905084,3.3319135,4.0112944,3.6889088,4.5764794,5.582069,3.720936,4.5984783,5.9496155,5.1483455,5.2719264,3.5059865
TCGA-55-8203-01,1.9743412,6.425832,5.5637565,5.7404165,3.4963787,4.236129,6.130801,6.625701,5.285688,5.4341216,4.9023404,5.165854,5.4953847,5.5561557,4.386266,4.8916416,5.81972,6.0021214,4.589164,4.1638107,3.5852296,6.6058173,3.2543063,4.446523,4.5164895,6.185957,4.797148,4.1228075,4.5771294,4.5313416,4.893099,6.6120396,5.2456017,4.592356,4.3798327,5.1919227,4.3241186,2.3194094,4.77962,4.6804833,5.587378,4.4444714,5.124093,4.9394345,6.442226,2.0364602,5.854177,3.749789,5.4511185,6.098311,4.2628536,3.8808925,4.4726458,4.870999,4.3246994,5.6129026,4.6995225,5.8776255,4.135088,4.9728656,5.7638907,3.298265,4.610195,3.806856
TCGA-17-Z047-01,10.190229,3.4117088,5.3990593,5.198796,4.888861,5.300466,5.876487,7.2967486,4.7368813,5.133831,5.6739745,4.3783684,4.328164,5.3022346,3.6194572,4.2706757,5.7479568,6.1486006,5.863955,5.5768447,3.892259,7.1722927,4.0430727,5.712348,4.976512,5.634429,4.410358,4.6666055,5.0909925,4.651289,4.4020443,6.1338453,5.313481,4.4419885,4.5160832,6.0773325,5.093417,2.5981119,4.2167106,5.2942715,5.332144,5.627558,5.63335,5.2117896,5.2209864,3.3691292,5.650291,3.997528,5.147267,5.9553385,4.177724,4.6760683,5.1312647,3.4219897,4.065238,3.6978538,4.5425286,5.5730715,3.7983098,4.6521,5.9233384,5.1071367,5.2659082,3.4848444
TCGA-05-4430-01,3.5880835,6.1454864,5.682228,5.8026567,3.8445408,4.3924317,6.0107737,6.6758256,5.0268273,5.4043255,4.966955,5.1283817,5.0731792,5.6211104,4.235937,4.8144217,5.761896,6.067889,4.78297,4.4488163,3.4917755,6.725641,3.3183289,4.5022845,4.4818463,6.077066,4.6830454,4.185574,4.75571,4.6112695,4.8493156,6.6043262,5.2745914,4.4200945,4.2765937,5.424961,4.469396,2.38702,4.811829,4.798556,5.5396876,4.6139603,5.1308746,5.023894,5.965174,2.2920363,5.7332425,3.6052964,5.3253465,6.0648613,4.0791264,3.849619,4.4506645,4.6466103,4.3479176,5.380601,4.8382382,6.0120535,4.0245185,4.893028,5.79818,3.5575695,4.793996,3.9338043
TCGA-17-Z037-01,6.8150063,4.8947115,5.537777,5.569509,4.2774544,4.8666286,6.1223116,6.919584,4.94578,5.4823475,5.379431,4.9312096,4.6320567,5.2455597,3.893962,4.465084,5.6627603,6.14886,5.3285227,5.164047,3.6155016,6.9027395,3.510391,5.1166596,4.68734,5.9003067,4.425667,4.2795815,5.144607,4.712087,4.63418,6.423227,5.3925366,4.2808666,4.4507074,5.734977,4.801245,2.4440587,4.688217,4.8873773,5.376266,5.2035537,5.400414,5.067419,5.4926977,2.9744873,5.7861385,3.7658985,5.0451145,6.119715,4.0849495,4.2979336,4.813176,4.022828,4.16479,4.4338026,4.7405205,5.8970385,3.8114846,4.7058034,5.727406,4.295854,5.0697174,3.732391
TCGA-05-4403-01,6.8104625,4.9099717,5.4857516,5.5509105,4.3083243,4.9051023,6.0660996,6.935725,4.935964,5.4296856,5.352164,4.8448825,4.6416273,5.231074,3.8229563,4.4853516,5.6964636,6.1960545,5.398271,5.1588163,3.6408696,6.950237,3.5781298,5.2020116,4.7130365,5.862707,4.430156,4.371642,5.101145,4.678458,4.613143,6.310334,5.320693,4.3331847,4.4678054,5.770671,4.808827,2.4873645,4.569464,4.9285703,5.379934,5.1963515,5.439498,5.0602465,5.4916873,2.946927,5.7163916,3.7832954,5.086428,6.0769515,4.117243,4.3057127,4.840959,3.9123292,4.1822453,4.357371,4.678863,5.861982,3.857788,4.7479086,5.736302,4.3642974,5.0695033,3.6717477
TCGA-55-7576-01,2.3383734,6.318526,5.64352,5.8263187,3.5896537,4.25647,5.9900026,6.5935864,5.2772985,5.3987217,4.7721276,5.136257,5.4271593,5.629742,4.3876762,4.921719,5.761236,6.042615,4.6864305,4.1585646,3.530016,6.6727295,3.259884,4.377144,4.398825,6.177895,4.802537,4.0407414,4.5580688,4.582147,4.8761992,6.589596,5.2090383,4.578207,4.293822,5.2237973,4.335437,2.3367548,4.794052,4.718012,5.66186,4.4042473,5.0665436,4.9023743,6.2805877,1.9805858,5.8705597,3.6291826,5.4392138,6.050748,4.205276,3.8196404,4.422453,4.9020786,4.296907,5.5702343,4.76631,5.928484,4.0953856,4.9689727,5.8030524,3.3453975,4.643436,3.8039112
TCGA-64-5781-01,0.5339388,6.8333154,5.569546,5.7001586,3.404263,4.101039,6.623542,6.7466693,5.261156,5.4654236,4.8062544,5.2343006,5.6596055,5.6058598,4.388952,5.1071897,6.1911287,5.663757,4.2329855,3.929707,3.8679426,6.3449225,3.3017278,4.4981666,4.8465858,6.0749145,4.921306,4.1795316,4.568541,4.3023486,5.2502666,6.8245335,5.1115985,4.7059555,4.5175447,5.2104564,4.109986,2.408465,4.92208,4.4378033,5.272833,4.5595264,5.3471484,5.0602183,6.682587,2.151892,5.6793184,4.0027676,5.440929,6.4220905,4.5220456,3.9171293,4.3304377,4.8473797,4.2427187,5.895668,4.3838296,5.8721437,4.4112678,4.935798,5.8964624,3.3317366,4.594763,3.8835418
TCGA-86-8074-01,9.173482,3.783266,5.4518595,5.3028584,4.6389284,5.179239,5.996756,7.1549077,4.8453465,5.256978,5.5381346,4.556722,4.4319935,5.281843,3.6596427,4.295351,5.7218146,6.158387,5.7243423,5.4719095,3.7893932,7.1112604,3.83408,5.5406137,4.888946,5.758957,4.421097,4.5667176,5.099567,4.679315,4.46322,6.213169,5.31866,4.3152885,4.4824038,5.9742374,4.9560823,2.5690603,4.3482695,5.1506295,5.291347,5.478783,5.5876226,5.156278,5.2228055,3.2605367,5.6468005,3.9740045,4.999959,6.056978,4.106296,4.547449,5.0571203,3.6576874,4.086274,3.8891,4.586365,5.676147,3.8394952,4.6662536,5.8277645,4.8018055,5.2557335,3.556458
TCGA-53-7624-01,0.6304651,6.7149,5.5176864,5.735261,3.30872,4.063946,6.3726783,6.524529,5.42433,5.470958,4.6445045,5.2542305,5.8550234,5.607158,4.4575367,5.0430655,5.9734454,5.89095,4.391403,3.8740637,3.7298737,6.409581,3.2478547,4.4082403,4.536071,6.2094254,4.916457,4.149864,4.520386,4.439515,5.1126857,6.6506495,5.164163,4.727451,4.443417,5.1281214,4.1160502,2.4004996,4.7869673,4.536656,5.4869804,4.2993464,5.1956677,4.9302387,6.764586,1.9641708,5.861057,3.7588587,5.5006633,6.2444587,4.464208,3.8695943,4.354443,4.9932914,4.31263,5.8164806,4.5085526,5.881077,4.320688,5.004703,5.839074,3.1447616,4.5165133,3.7245994
TCGA-91-6829-01,0.796184,6.7099047,5.531086,5.7797074,3.3088071,4.123429,6.2320523,6.549419,5.3714414,5.491027,4.716809,5.2165174,5.8063664,5.544552,4.5358267,5.031438,5.88426,5.8751273,4.4092193,3.9588716,3.6160302,6.443652,3.1864378,4.386713,4.5419784,6.317347,4.8753295,4.086852,4.4847746,4.46061,4.943656,6.668702,5.1914573,4.783025,4.403603,5.1064315,4.194815,2.288488,4.8264246,4.6031566,5.5492363,4.268697,5.1174736,4.9268947,6.6505294,1.8610044,5.880429,3.7473824,5.53132,6.181406,4.3699822,3.8630395,4.374471,4.994556,4.298854,5.7942295,4.6444097,5.8779306,4.192756,5.042589,5.770461,3.0699818,4.4989347,3.7621975
TCGA-17-Z043-01,5.3357344,5.638841,5.564641,5.7264686,4.0678587,4.6567626,6.0797057,6.734372,4.969945,5.37273,5.1170144,5.0047064,4.8180285,5.490786,4.071601,4.713529,5.693936,6.1812353,5.103241,4.7418556,3.5606577,6.8167257,3.4526203,4.802615,4.5409117,6.0517287,4.5291862,4.2971344,4.888571,4.660128,4.8753834,6.4682236,5.3638983,4.383459,4.308014,5.6358824,4.6131635,2.4044366,4.656191,4.864554,5.4586573,4.841437,5.2211056,4.96521,5.731496,2.6231248,5.704775,3.6279335,5.2434983,6.081541,4.0895524,4.005096,4.561467,4.403247,4.334068,4.9186087,4.793985,5.973741,3.981912,4.791317,5.791488,3.908115,4.9079146,3.798906
TCGA-50-5932-01,9.065162,3.8642344,5.3999662,5.327046,4.5130453,5.179462,6.1598744,7.0768166,4.8835306,5.3469462,5.63726,4.636305,4.531805,5.165339,3.6284995,4.2868214,5.7300744,6.174015,5.6937475,5.472044,3.78444,7.066859,3.798833,5.5552354,4.8928595,5.9198627,4.392348,4.5417895,5.1353617,4.681922,4.4865403,6.2785754,5.3984537,4.334651,4.544095,5.980211,4.888977,2.54254,4.3915887,5.067238,5.247565,5.5007443,5.593283,5.125783,5.2870173,3.2431114,5.6239195,3.9699678,5.0040183,6.1076913,4.1259823,4.527507,5.0119257,3.6655138,4.0761013,4.0015035,4.5169835,5.6961174,3.8485892,4.7033234,5.764551,4.7833037,5.2237973,3.5144725
TCGA-05-4398-01,0.8006102,6.5833416,5.5228767,5.7489734,3.3117905,4.0998015,6.1764255,6.571405,5.4627056,5.3963094,4.6465335,5.1696453,5.8203096,5.5590134,4.52245,5.019981,5.886034,6.0062366,4.46653,3.9385014,3.6600685,6.5446124,3.2819343,4.34772,4.498632,6.233155,4.896636,4.0590043,4.4757323,4.493403,4.942259,6.5818963,5.1577196,4.7519107,4.4049,5.0783987,4.2232943,2.2824724,4.783804,4.588855,5.597046,4.246801,5.1336546,4.862155,6.686066,1.8539696,5.934692,3.7576313,5.5152535,6.148365,4.4150715,3.9024441,4.4582357,4.9696245,4.2839904,5.7680106,4.595662,5.812821,4.2273946,4.9985714,5.81639,3.1313782,4.5076866,3.6934352
TCGA-86-8668-01,10.092387,3.5651178,5.4313345,5.2442274,4.917713,5.233252,5.818336,7.320227,4.658681,5.076296,5.5918236,4.380233,4.217356,5.3665934,3.69288,4.2809224,5.703998,6.107422,5.8639855,5.51725,3.8790712,7.1464434,4.033104,5.6029596,4.9579887,5.573272,4.3909802,4.6322904,5.0913496,4.614447,4.4351234,6.118502,5.279078,4.431604,4.429985,6.103305,5.12761,2.6113024,4.2615304,5.2787943,5.3543935,5.582861,5.5879626,5.236183,5.2255993,3.385167,5.650078,3.9802287,5.1946445,5.921286,4.188188,4.6757555,5.0944896,3.3831658,4.0869293,3.6898124,4.629885,5.619892,3.7435415,4.61571,6.0000772,5.0533385,5.2388363,3.5641258
TCGA-86-6851-01,0.48093387,6.7539325,5.4208617,5.7123604,3.3098428,4.055655,6.3739457,6.5941024,5.375663,5.4704547,4.918265,5.185463,5.64294,5.4993377,4.453817,5.0356827,5.9845443,5.8687863,4.3365784,3.9110508,3.7522774,6.466458,3.218333,4.4389987,4.693032,6.2304373,4.91357,4.16391,4.500666,4.412029,4.979131,6.6730065,5.133979,4.7843227,4.5369973,5.0411153,4.162567,2.3718534,4.8123155,4.5050893,5.5366874,4.363096,5.256424,4.9454374,6.740669,1.9647868,5.789023,3.999004,5.5223064,6.2550673,4.499754,3.936859,4.5055256,4.955758,4.2734723,5.877196,4.485926,5.8168178,4.347067,5.033032,5.800402,3.1645918,4.527164,3.8932335
TCGA-97-A4M5-01,6.183765,5.3908825,5.5221024,5.69038,4.133369,4.804683,6.1649866,6.7945485,4.981401,5.4534106,5.276649,5.0040603,4.791165,5.2905316,3.941711,4.607254,5.62676,6.109979,5.16974,4.9482894,3.621423,6.9202895,3.4890797,4.949535,4.641376,6.0236363,4.46481,4.2686577,5.0239935,4.6946282,4.6911373,6.424426,5.361413,4.3575044,4.390524,5.6866174,4.723252,2.4179084,4.72418,4.8850417,5.442307,5.0458035,5.360942,4.9468474,5.5457883,2.7280793,5.745631,3.6565704,5.1246376,6.123309,4.134009,4.161492,4.7130013,4.248626,4.197324,4.681447,4.720737,5.932103,3.9385965,4.7191253,5.756387,4.0847225,4.9641128,3.7410488
TCGA-55-6983-01,7.533193,4.503989,5.4306746,5.530347,4.318683,4.995521,6.18855,6.9120145,4.970924,5.4780235,5.4390526,4.806644,4.6200447,5.0987906,3.7883282,4.4222183,5.628893,6.1452413,5.455113,5.285027,3.6845198,6.989395,3.5551088,5.278936,4.7462454,5.9974556,4.4230113,4.3258433,5.150397,4.7628007,4.5489326,6.371363,5.420646,4.285557,4.5456505,5.807498,4.793954,2.5167387,4.6003323,4.875587,5.3914976,5.3207936,5.4760275,5.035924,5.3752456,3.0242615,5.741856,3.875467,4.958398,6.178399,4.0998898,4.373482,4.892913,4.0033407,4.102953,4.247921,4.6553593,5.8630915,3.8375614,4.6603765,5.7209396,4.4200735,5.166946,3.6459446
TCGA-55-7725-01,7.2152514,4.712585,5.456339,5.5482297,4.2852626,4.954257,6.181597,6.8983684,4.9875083,5.5007887,5.392185,4.8789783,4.644162,5.120356,3.8225455,4.4208007,5.625413,6.1557603,5.4082494,5.256287,3.639114,6.959378,3.5169437,5.245572,4.71772,5.950196,4.397392,4.2973185,5.158997,4.7426085,4.580565,6.3949504,5.4344068,4.272121,4.52343,5.764926,4.790028,2.4905236,4.627238,4.8675222,5.3698144,5.2824802,5.447138,5.041968,5.425221,3.0237398,5.750006,3.8150012,4.965838,6.1629105,4.078902,4.34836,4.8624215,3.9913871,4.115434,4.2945104,4.669602,5.879528,3.8094654,4.6877584,5.699518,4.368609,5.131625,3.6531549
TCGA-17-Z042-01,1.9289052,6.3254547,5.6472874,5.8483233,3.5022342,4.2385135,6.0107913,6.598286,5.349548,5.402288,4.749423,5.1289287,5.534146,5.6407437,4.44181,4.9673977,5.7701364,6.0188193,4.6635556,4.077559,3.53941,6.63186,3.2374494,4.3524346,4.372605,6.200626,4.8259697,3.9845002,4.473193,4.57144,4.9212666,6.6096854,5.2122803,4.5987825,4.285405,5.161919,4.2935414,2.306923,4.795402,4.6924953,5.692484,4.3616323,5.022243,4.8617477,6.3893247,1.8924584,5.924683,3.6568782,5.478139,6.0477757,4.2172856,3.7870152,4.392167,5.020044,4.2956014,5.6253743,4.766838,5.909114,4.108686,4.998571,5.7783527,3.30186,4.600602,3.7424586
TCGA-55-6642-01,6.970844,4.8411617,5.4653845,5.606482,4.243113,4.889749,6.19372,6.844212,4.9566216,5.5270243,5.3528047,4.887444,4.6864824,5.145128,3.841148,4.4823065,5.608378,6.191321,5.332365,5.157499,3.6220093,6.9792104,3.5200827,5.1623406,4.652138,5.944875,4.4314466,4.317554,5.155703,4.808926,4.6610446,6.4329286,5.44104,4.2876935,4.541819,5.7326384,4.7487416,2.4551227,4.6695666,4.836086,5.448269,5.2452536,5.378439,5.047422,5.522731,2.9045796,5.7753787,3.804181,4.9731274,6.1714864,4.0569286,4.299649,4.8492913,4.0428247,4.09986,4.4357605,4.720651,5.909323,3.7916603,4.7002196,5.6900196,4.3476734,5.126009,3.7078245
TCGA-55-6986-01,10.224212,3.4410796,5.4305987,5.234042,4.952881,5.2465057,5.823215,7.355345,4.613097,5.0368295,5.6391587,4.334986,4.1826615,5.4008536,3.6621778,4.290138,5.7048326,6.1156282,5.9090934,5.5072584,3.9084508,7.15095,4.0908694,5.6185956,4.9614954,5.5311227,4.400695,4.6599383,5.079433,4.606003,4.4585114,6.1070595,5.2627835,4.456274,4.4285426,6.1474395,5.1354365,2.6166286,4.24248,5.3148966,5.354263,5.5831957,5.6025233,5.2799106,5.2514896,3.3882966,5.6189075,4.0026374,5.207905,5.916919,4.203191,4.7095633,5.122317,3.295539,4.0598836,3.6611423,4.6255608,5.603696,3.7240765,4.6242285,6.0314837,5.1760197,5.2442055,3.5493891
TCGA-55-6543-01,10.339086,3.4562917,5.444131,5.198767,4.962899,5.208313,5.820909,7.336572,4.6401834,5.017703,5.6107664,4.334691,4.173651,5.4110146,3.671442,4.2668824,5.713306,6.1210723,5.889969,5.512875,3.8961828,7.1564994,4.099766,5.6078234,4.979183,5.53758,4.4192686,4.6418657,5.064313,4.610735,4.429243,6.1366916,5.285049,4.471908,4.4446836,6.0989876,5.1164255,2.6436229,4.210653,5.343665,5.3648915,5.600127,5.6055512,5.294024,5.24691,3.3975797,5.60465,4.022065,5.1990137,5.911171,4.198782,4.725814,5.1275783,3.3059568,4.0508537,3.6865742,4.61038,5.58255,3.7233973,4.636485,6.0420914,5.1745152,5.248151,3.551912
TCGA-78-8648-01,10.238742,3.223458,5.4249377,5.240526,5.0506744,5.262998,5.7710633,7.417363,4.532737,4.967394,5.7494535,4.204078,4.0603356,5.4588866,3.6423895,4.3501377,5.8006167,6.162768,5.971909,5.4737253,3.96225,7.175351,4.2329755,5.6522636,4.924176,5.4473643,4.468395,4.7791705,5.107254,4.677374,4.545367,6.0437937,5.142402,4.4298096,4.4617133,6.1758447,5.1641645,2.5942445,4.225734,5.2774186,5.4308267,5.5290246,5.6233406,5.3397164,5.361856,3.3140152,5.6645827,4.1597805,5.2130065,5.911075,4.239006,4.8082323,5.260494,3.1864154,4.0309525,3.6223767,4.6360607,5.5730157,3.697585,4.6053185,6.040315,5.270427,5.272292,3.5506384
TCGA-50-5931-01,3.6478288,6.160047,5.740332,5.786878,3.8538005,4.403233,5.893075,6.682699,5.023531,5.3289547,4.9671793,5.1121144,5.1535816,5.6428494,4.267311,4.7871137,5.7113004,6.013794,4.7715907,4.498426,3.4461703,6.763776,3.3407924,4.4552736,4.4365005,6.1017203,4.690857,4.1793814,4.710189,4.603492,4.784255,6.5981364,5.2979016,4.396952,4.2080283,5.4360137,4.4745274,2.346423,4.8189545,4.8740077,5.5498977,4.606116,5.0847893,5.06969,5.961068,2.2702706,5.761047,3.583141,5.331357,6.0311394,4.0276275,3.8336651,4.4365673,4.6042128,4.3594847,5.303238,4.8958554,5.994091,3.9537354,4.890041,5.8014803,3.5610247,4.7816424,3.8820286
TCGA-55-1595-01,3.4983058,6.2453837,5.7175684,5.729341,3.753826,4.383498,6.032325,6.7226434,5.0860662,5.3494473,4.914895,5.1586637,5.203708,5.626499,4.3090353,4.7892013,5.8241553,5.98517,4.7340136,4.399433,3.5081906,6.7042484,3.3651206,4.477433,4.5050898,6.1192346,4.722124,4.137984,4.722422,4.552618,4.8302717,6.659604,5.2251096,4.4974003,4.246602,5.3772135,4.4633875,2.3243766,4.8268785,4.827756,5.5276656,4.5711284,5.161552,5.0399055,6.0233455,2.2724013,5.7748003,3.5990255,5.3552575,6.0331836,4.13675,3.8978841,4.471575,4.6088777,4.293623,5.3993573,4.7682643,5.9259624,4.0437326,4.856755,5.801965,3.4859352,4.73225,3.8857043
TCGA-73-4670-01,2.8917263,6.24827,5.6608953,5.797646,3.683896,4.335237,6.021636,6.673284,5.188892,5.355751,4.8601637,5.110832,5.314154,5.626179,4.3263764,4.884213,5.782688,6.046213,4.734724,4.2843432,3.53591,6.722615,3.3371248,4.4369383,4.4665685,6.126541,4.7440014,4.094063,4.624518,4.5882735,4.8857117,6.5932927,5.243378,4.5108204,4.280835,5.3235965,4.4127913,2.3197443,4.7903104,4.7576985,5.5853553,4.5263786,5.1014185,4.9308195,6.169724,2.1182609,5.8068833,3.6612966,5.386824,6.0480537,4.1747994,3.86256,4.4619393,4.779995,4.311258,5.4881763,4.7762327,5.9192896,4.0714593,4.902804,5.8120265,3.4782834,4.702296,3.8139007
TCGA-55-7911-01,4.624015,5.874671,5.6212764,5.727092,3.9553344,4.5477247,6.052611,6.7128963,5.048607,5.334927,5.0453672,5.0355983,4.9147816,5.5042276,4.1212606,4.74416,5.7470555,6.0925574,4.9641833,4.646031,3.5052907,6.8332667,3.4133964,4.6859694,4.5608087,6.1023893,4.588849,4.2457385,4.815895,4.6235204,4.8209915,6.5293603,5.288617,4.395488,4.3098664,5.4960732,4.5686407,2.4217477,4.684479,4.8803,5.500085,4.760219,5.232949,4.983409,5.744141,2.5227838,5.6716604,3.67546,5.246948,6.026735,4.103303,3.9678118,4.5661798,4.478096,4.3262925,5.0874143,4.770364,5.9313493,4.0298657,4.833628,5.765926,3.77724,4.876616,3.824289
TCGA-86-6562-01,9.325135,3.5703769,5.4190145,5.249413,4.7568274,5.246021,5.9752135,7.175806,4.81815,5.1970906,5.632521,4.457035,4.3660355,5.296801,3.6305387,4.302527,5.7202673,6.177647,5.7834945,5.4994063,3.838631,7.172136,3.949543,5.635476,4.8971863,5.736628,4.4520316,4.6615686,5.0705905,4.7177973,4.4769297,6.182749,5.3241806,4.3658795,4.54966,6.000724,4.9912844,2.6037683,4.263579,5.222666,5.3566647,5.545181,5.58551,5.179408,5.2529445,3.258384,5.667641,4.027111,5.0583873,6.010512,4.111363,4.587125,5.088456,3.6184542,4.069578,3.7835019,4.5867667,5.625569,3.8422885,4.6520643,5.88068,4.9777412,5.2904468,3.5197148
TCGA-86-8279-01,1.4651378,6.483593,5.584875,5.8114967,3.3935676,4.1797237,6.046295,6.5199304,5.4063215,5.415233,4.7752,5.1779456,5.686686,5.596049,4.488346,4.94888,5.8050756,5.9961243,4.627959,4.0286856,3.541121,6.588582,3.2657247,4.3501406,4.32667,6.289887,4.859153,3.9979725,4.502343,4.590276,4.8178873,6.5892587,5.1980314,4.7038655,4.305256,5.104483,4.2682815,2.278537,4.806283,4.677206,5.691526,4.2196894,5.0294876,4.882798,6.545028,1.8486406,6.0145383,3.667203,5.5242844,6.040175,4.278625,3.8836436,4.4656982,4.9925237,4.2743,5.720472,4.770098,5.872847,4.0699224,5.036217,5.7344007,3.1755831,4.522149,3.702293
TCGA-75-7027-01,4.3743663,5.8690705,5.648138,5.74114,3.9226627,4.5594773,5.997447,6.7325673,5.0517344,5.368109,5.0065327,5.0591903,4.9485326,5.5315824,4.1658525,4.7473307,5.7267146,6.0658846,4.939696,4.6105413,3.5101402,6.8299417,3.3980029,4.657838,4.5482345,6.083561,4.591274,4.1716623,4.8127213,4.6157274,4.7828283,6.5269413,5.293829,4.395557,4.3034472,5.50914,4.586151,2.356664,4.7558355,4.856623,5.4905524,4.7389765,5.195009,4.971484,5.833719,2.407564,5.743244,3.6393452,5.2569933,6.057615,4.0854354,3.974474,4.5568204,4.4761486,4.2920766,5.128757,4.8069296,5.94042,3.9562306,4.8328767,5.7909865,3.735205,4.848112,3.8077345
TCGA-78-7161-01,5.431226,5.619349,5.5738754,5.691461,4.0803437,4.668475,6.0701365,6.7828913,5.001209,5.372742,5.182849,4.980001,4.8166776,5.4171395,4.0130258,4.6770034,5.704384,6.1278367,5.108785,4.822048,3.5657675,6.8811517,3.4644113,4.8331337,4.604907,6.0326524,4.5241556,4.2672625,4.9123583,4.659334,4.7616105,6.4487476,5.3186083,4.347844,4.343684,5.6237917,4.6556563,2.437767,4.680499,4.874419,5.4636345,4.9388866,5.282817,4.978236,5.6358786,2.663113,5.6916924,3.709784,5.1969438,6.0528765,4.103852,4.054868,4.62611,4.356394,4.305556,4.8622403,4.778466,5.9321027,3.9845145,4.7663236,5.7682967,3.9779217,4.945726,3.7892282
TCGA-50-5072-01,5.8504615,5.3531175,5.5324173,5.6982794,4.131655,4.7230253,6.0990567,6.8191886,4.969193,5.441748,5.1718116,4.9382424,4.773586,5.3122683,3.9710007,4.6241183,5.6608715,6.111559,5.183577,4.942239,3.575846,6.9046135,3.4493704,4.942743,4.6408854,5.9779286,4.48599,4.308023,4.994659,4.68552,4.697611,6.419742,5.349862,4.309394,4.3980174,5.6558304,4.6958117,2.4567218,4.6763787,4.8384814,5.459769,5.026183,5.3300147,4.9985714,5.599793,2.744389,5.6961684,3.7319622,5.1119018,6.1007595,4.0910873,4.129486,4.7088723,4.209036,4.254885,4.7396216,4.74571,5.9443355,3.910473,4.7743545,5.7226715,4.057127,5.009866,3.7635415
TCGA-17-Z033-01,5.969187,5.268211,5.5294104,5.7070045,4.132067,4.760454,6.083999,6.8295846,4.9876685,5.391859,5.1478333,4.894269,4.812926,5.257173,3.9670603,4.647165,5.6297297,6.1027393,5.194477,4.9694886,3.5678613,6.9653325,3.4909656,4.9651656,4.6512256,5.967689,4.468535,4.304463,4.974631,4.70698,4.6722374,6.4065833,5.3512354,4.3200736,4.402348,5.6632295,4.7028823,2.4309053,4.6694846,4.8709917,5.4554415,5.0521064,5.3325596,4.983028,5.586332,2.7236304,5.6885924,3.7709186,5.0837383,6.116787,4.096298,4.1721215,4.7536416,4.1583753,4.2164426,4.6707487,4.7416477,5.9053454,3.8745825,4.765619,5.7151585,4.11806,5.0197463,3.71193
TCGA-44-2666-01,10.173581,3.5192409,5.475029,5.2253594,4.87983,5.207915,5.849669,7.313855,4.683625,5.064257,5.7454,4.4057474,4.237089,5.316599,3.638017,4.293972,5.85509,6.184122,5.8465767,5.4792767,3.852879,7.1091795,4.0467997,5.6218843,4.994271,5.692206,4.4143505,4.6962824,5.0836644,4.590524,4.5020986,6.149377,5.231388,4.3673162,4.4333944,6.0836425,5.0840816,2.5716174,4.2493596,5.288844,5.290066,5.533174,5.594738,5.249737,5.2455316,3.394711,5.608333,4.0055385,5.1529922,5.9509587,4.185232,4.6395326,5.135095,3.3030133,4.1438136,3.6795936,4.6130943,5.6021338,3.7678976,4.7203426,5.9265327,5.0908356,5.2243953,3.5532148
TCGA-78-7156-01,3.272732,6.1418047,5.6951838,5.824749,3.8179188,4.3842187,5.9489098,6.659122,5.081648,5.3923106,4.8530383,5.1137137,5.206219,5.609549,4.250161,4.8401203,5.7113295,6.0815573,4.7973075,4.4020333,3.4747074,6.7530236,3.2999365,4.4689393,4.428939,6.069166,4.7068515,4.153214,4.695381,4.6150966,4.9084153,6.5778823,5.3,4.445152,4.262771,5.3976073,4.434962,2.365489,4.7707996,4.796363,5.5989532,4.6040883,5.083238,4.9842186,6.0215783,2.207054,5.735717,3.5821698,5.3135366,6.0418506,4.079456,3.8094854,4.4227023,4.69123,4.3455524,5.357937,4.8177795,5.993868,4.037608,4.89454,5.808331,3.5278678,4.768509,3.8651228
TCGA-17-Z057-01,2.2967162,6.3281436,5.647545,5.8521166,3.5536,4.217765,5.9830866,6.567364,5.2933803,5.415504,4.7877383,5.154707,5.4651575,5.664433,4.4174337,4.9019895,5.712007,6.0402527,4.6682544,4.116787,3.5337174,6.6601143,3.2181718,4.331491,4.3769374,6.1750765,4.8048286,4.01608,4.5381,4.6043577,4.8402524,6.6219883,5.2458496,4.535798,4.294548,5.171357,4.3207607,2.3330665,4.8234916,4.7004943,5.67615,4.4149923,5.0349593,4.8881874,6.3709736,1.9154401,5.9202704,3.635805,5.4411726,6.054893,4.208367,3.811517,4.4292493,4.9720006,4.292723,5.609471,4.7947226,5.942838,4.064755,4.986033,5.797289,3.3262434,4.6201167,3.8117256
TCGA-MP-A4SV-01,3.3224363,6.2496996,5.7571106,5.7937517,3.7957928,4.374591,6.0285153,6.7293572,5.032978,5.3624144,4.967117,5.1656017,5.188993,5.636286,4.2352376,4.80597,5.808144,6.007047,4.683548,4.441459,3.5047956,6.7209177,3.3518922,4.4498982,4.5154,6.037144,4.7144375,4.1597333,4.746849,4.565395,4.893201,6.699187,5.288216,4.4246106,4.264221,5.397165,4.4467382,2.3259978,4.8761115,4.7737875,5.514159,4.6436,5.1445913,5.0687046,6.0565586,2.244377,5.7214375,3.6370335,5.261775,6.084457,4.0858316,3.8616247,4.465836,4.6064487,4.3075085,5.429998,4.7775145,5.9763694,4.031536,4.865222,5.796519,3.5406249,4.7757826,3.9371467
TCGA-78-8660-01,4.328755,6.1090083,5.644183,5.7244363,3.900487,4.5098753,6.069809,6.785709,5.064159,5.4370255,4.9758587,5.111127,4.9542274,5.4810705,4.1830854,4.7424693,5.745581,6.091415,4.923399,4.560919,3.5228817,6.774852,3.3413286,4.6476192,4.5338125,6.0170116,4.611697,4.1262946,4.844736,4.6079087,4.8772635,6.554242,5.2753496,4.433222,4.29673,5.4986553,4.5642166,2.3426204,4.8088145,4.7745624,5.5142803,4.786044,5.1785383,4.980979,5.913591,2.4619238,5.754077,3.615018,5.2840333,6.048488,4.100657,3.9419022,4.492959,4.4951506,4.310289,5.1694984,4.80761,5.9528704,4.0001636,4.766894,5.777053,3.6620867,4.8265643,3.8778558
TCGA-75-7030-01,10.299633,3.2431624,5.435945,5.221738,4.9769325,5.242487,5.830397,7.387676,4.580707,4.972522,5.7487793,4.2463474,4.0571866,5.434932,3.631325,4.305775,5.7762294,6.185138,5.9683514,5.4895525,3.9342763,7.1868954,4.2122407,5.633122,4.9533367,5.475522,4.4496865,4.7001333,5.1058125,4.689197,4.525928,6.1034427,5.196996,4.4145966,4.492431,6.15048,5.1397796,2.598515,4.2249165,5.2889605,5.4070907,5.5542455,5.6148877,5.3316417,5.3455157,3.335128,5.636021,4.177712,5.1589994,5.932248,4.2165666,4.8238277,5.2686634,3.197834,3.994113,3.6342382,4.6158967,5.562346,3.6717465,4.6081595,6.0273285,5.2796125,5.2861185,3.542445
TCGA-44-2659-01,2.0915756,6.357769,5.6140323,5.8522887,3.5330336,4.2588277,6.05839,6.6213408,5.3037505,5.4001093,4.793242,5.1226745,5.461377,5.612711,4.3856506,4.951788,5.77474,6.044931,4.659733,4.121188,3.572235,6.6660714,3.2481668,4.381996,4.461814,6.1548576,4.787813,4.003644,4.5377054,4.5687213,4.931133,6.6107736,5.236695,4.5631747,4.3279915,5.20576,4.3280606,2.308027,4.812969,4.6437488,5.6434917,4.467057,5.0623055,4.8515806,6.3813477,1.9454983,5.8675613,3.7045095,5.432341,6.096275,4.2414556,3.8320544,4.432506,4.9295964,4.288634,5.6170607,4.7429123,5.916054,4.1030555,4.9580007,5.799977,3.342353,4.630061,3.8045762
TCGA-50-5068-01,8.428108,4.1255236,5.410498,5.417454,4.4757166,5.1013203,6.1189003,7.037852,4.909558,5.4107943,5.5793996,4.7012706,4.545035,5.1705217,3.7316282,4.3650894,5.708493,6.0903425,5.5534034,5.4042716,3.748295,7.0230603,3.663413,5.4355626,4.8275323,5.9407606,4.4397535,4.433036,5.13375,4.686156,4.472319,6.308342,5.3799,4.3012214,4.525817,5.9385333,4.8201227,2.5289824,4.509062,4.9681625,5.2844996,5.4003515,5.567831,5.1207147,5.3311486,3.1494565,5.642662,3.9614165,4.982492,6.168287,4.1115704,4.457405,4.970095,3.8233685,4.0710425,4.127609,4.5549183,5.771974,3.860911,4.7002172,5.767502,4.604902,5.195568,3.5862226
TCGA-49-4510-01,9.347255,3.6816995,5.411594,5.305609,4.6150193,5.1705275,6.0685964,7.139246,4.8484097,5.270527,5.6399717,4.5486417,4.3701463,5.2247014,3.6729932,4.2875805,5.7396283,6.1880565,5.727834,5.523278,3.7940905,7.1067176,3.8851194,5.5562515,4.8779736,5.776358,4.436777,4.5067782,5.160212,4.7077074,4.43033,6.247395,5.3557296,4.356173,4.5643854,5.979479,4.9414577,2.5686698,4.3715796,5.1007953,5.321578,5.512572,5.6184235,5.184711,5.3083944,3.2453797,5.6483827,4.0483847,5.0146203,6.0720353,4.147987,4.6242666,5.0991287,3.5718734,4.019638,3.9240859,4.5208907,5.6638308,3.7989342,4.6675043,5.8150916,4.854383,5.2328854,3.5248604
TCGA-17-Z017-01,4.9282045,5.8531046,5.669447,5.6964135,4.043579,4.5951405,6.0564747,6.852187,4.96605,5.323036,5.068317,5.029901,4.8787537,5.5617814,4.137105,4.712427,5.7651024,6.1373696,5.019281,4.7193327,3.5780356,6.8038516,3.4995744,4.699676,4.5684204,5.9580874,4.58431,4.2313323,4.8940187,4.5906453,4.891782,6.5272384,5.326771,4.3848524,4.2642922,5.6394114,4.6321073,2.3469808,4.778598,4.8338485,5.448781,4.8712697,5.213832,5.027885,5.859197,2.5937414,5.755272,3.6597073,5.257898,6.06209,4.088716,3.9988482,4.5366373,4.35561,4.3367467,4.9886866,4.8094177,5.93561,3.962896,4.744095,5.816961,3.8716848,4.873325,3.8390174
TCGA-78-7537-01,6.4605393,5.1073685,5.5007167,5.6321535,4.2215548,4.8380346,6.1097856,6.8824415,4.945454,5.4657135,5.292977,4.905344,4.6935663,5.2506156,3.903758,4.5426197,5.65286,6.136353,5.2865167,5.076344,3.6220274,6.921289,3.4948552,5.0744786,4.687724,5.9464836,4.437482,4.2908535,5.078966,4.693426,4.6409802,6.380054,5.357211,4.315624,4.4357023,5.739659,4.7729187,2.4593062,4.6661515,4.8585734,5.4141397,5.1416497,5.380616,5.0097256,5.5152965,2.8667889,5.734609,3.7475348,5.0917745,6.115606,4.103486,4.2282887,4.7676163,4.09182,4.205546,4.5397377,4.731967,5.922963,3.8644774,4.723535,5.7434316,4.204171,5.048041,3.7403548
TCGA-44-7659-01,6.1829634,5.182054,5.529433,5.6192517,4.2088265,4.7704554,6.087954,6.8622804,4.965209,5.4529066,5.2486296,4.920125,4.695317,5.2962317,3.9301476,4.5279703,5.6843195,6.141523,5.2595596,5.0377226,3.576093,6.9130125,3.4598262,5.031821,4.6689916,5.9381123,4.46494,4.3088636,5.039762,4.6857934,4.6752443,6.4230237,5.371316,4.2809663,4.4285717,5.6963644,4.726013,2.484611,4.638283,4.85112,5.419798,5.1123037,5.3477077,5.039281,5.5562587,2.8670213,5.6946406,3.76861,5.0897717,6.082818,4.066011,4.1785254,4.738073,4.123388,4.243036,4.619762,4.7408338,5.9213533,3.8764215,4.7615185,5.7289643,4.1610513,5.0580707,3.7647042
TCGA-75-6207-01,9.290318,3.7432876,5.3899493,5.288378,4.5385113,5.183081,6.15782,7.1022825,4.8730655,5.324757,5.6475396,4.591594,4.504071,5.1890235,3.6015637,4.2627554,5.744328,6.1929145,5.740015,5.5143924,3.8084924,7.081541,3.846695,5.5964603,4.9125705,5.8978434,4.4101353,4.5807953,5.1329527,4.686789,4.4682336,6.259899,5.3937435,4.34357,4.5521436,5.9886045,4.900775,2.5653389,4.342303,5.0955725,5.2481194,5.537398,5.617386,5.148055,5.257686,3.279272,5.613951,4.0115223,4.9952335,6.0991406,4.124792,4.5581512,5.0410056,3.6397886,4.0734363,3.9678118,4.4948297,5.669865,3.8677237,4.6956654,5.76915,4.8324995,5.251538,3.501894
TCGA-50-5939-01,8.842871,3.9529252,5.4188128,5.3981915,4.5252237,5.17611,6.136009,7.071713,4.861089,5.359465,5.6463985,4.667998,4.5098042,5.149358,3.6784825,4.335903,5.711683,6.096371,5.633277,5.407116,3.7681835,7.056437,3.7286916,5.486786,4.8691573,5.907791,4.387739,4.473633,5.1367874,4.6893725,4.49367,6.3006463,5.3702765,4.284883,4.5190616,6.0017066,4.871591,2.52535,4.4874535,5.024258,5.2686253,5.4280043,5.574371,5.129262,5.294455,3.192799,5.617136,3.9744494,4.973835,6.1532254,4.129961,4.525244,5.033513,3.6908135,4.0329757,4.0430636,4.5642037,5.7466483,3.7922657,4.696445,5.786904,4.759903,5.2137012,3.562222
TCGA-62-A46S-01,7.5024004,4.583858,5.457945,5.5173035,4.3415303,4.9661365,6.1050706,6.953254,4.993979,5.472556,5.4566026,4.803344,4.5630364,5.159149,3.8173895,4.4513993,5.69438,6.178579,5.4489613,5.274939,3.6512334,6.9376373,3.5409145,5.2776256,4.745928,5.9483004,4.445613,4.2750506,5.145699,4.7099,4.543528,6.3592505,5.370506,4.3370576,4.556662,5.767671,4.799294,2.5064237,4.6110215,4.8670382,5.380891,5.2608232,5.4702053,5.0558424,5.4415345,3.0320427,5.761929,3.8738878,5.003833,6.133827,4.0990386,4.3389735,4.855032,3.9770489,4.139003,4.2559576,4.675161,5.851654,3.8544166,4.7114835,5.719359,4.3748455,5.1354365,3.6608086
TCGA-55-6987-01,4.5501103,5.992444,5.665104,5.7815785,3.960591,4.495448,6.0657506,6.81311,4.9949403,5.349657,5.0340743,5.03544,4.951196,5.5295796,4.154987,4.781441,5.773346,6.1046386,4.8879623,4.611619,3.5332694,6.810477,3.4208083,4.6123815,4.564073,5.9954133,4.627015,4.207289,4.825213,4.61342,4.8760595,6.5846734,5.2867346,4.412855,4.287144,5.5203266,4.566516,2.3640049,4.806398,4.7906017,5.51521,4.7805343,5.197375,5.02006,5.9126163,2.4732645,5.693946,3.6936097,5.2272243,6.053589,4.0826483,3.9423733,4.544535,4.4601145,4.3279786,5.204197,4.795128,5.9526467,4.0059834,4.793807,5.777073,3.7522936,4.8737206,3.915574
TCGA-62-8398-01,8.9660845,3.9890938,5.4719915,5.303457,4.499194,5.083696,6.0477757,7.028681,4.9715505,5.3224444,5.5396843,4.6885095,4.5521374,5.257223,3.681077,4.308385,5.746035,6.2044616,5.5882797,5.4022555,3.7014499,7.05874,3.7223916,5.480182,4.8444467,5.921179,4.447834,4.4869385,5.071502,4.671542,4.5126143,6.3390484,5.410032,4.3522916,4.5498915,5.8700447,4.80554,2.5418127,4.3628006,5.10655,5.2284713,5.4200134,5.535458,5.1395984,5.3413324,3.1835213,5.602394,3.9329681,4.982072,6.103407,4.0442166,4.425207,4.924168,3.8052323,4.1072683,4.052139,4.5652404,5.6935606,3.8905897,4.7362556,5.773488,4.7069564,5.224574,3.5557601
TCGA-97-7554-01,2.1173613,6.432692,5.5787373,5.861141,3.4967515,4.219257,6.0235977,6.5023966,5.3168683,5.448124,4.779795,5.1752543,5.512569,5.6103163,4.4238987,4.9221444,5.7137213,6.029875,4.6780767,4.068458,3.5036552,6.6351542,3.183275,4.359094,4.356405,6.2704816,4.8036346,4.020031,4.5184007,4.612013,4.84082,6.6083455,5.2324395,4.6200294,4.2997627,5.1538887,4.2891297,2.3465211,4.7835255,4.70726,5.7148347,4.329884,5.0223756,4.8630114,6.3909197,1.8916198,5.89207,3.614155,5.4893465,6.0255075,4.2199707,3.8079553,4.4143815,5.0251565,4.303271,5.6652403,4.797831,5.942251,4.0828776,5.011048,5.757246,3.227985,4.590022,3.810403
TCGA-97-8175-01,10.186562,3.4168417,5.431377,5.181956,4.900458,5.2469463,5.8641624,7.323272,4.679874,5.037534,5.616238,4.3527584,4.210422,5.3649826,3.6472795,4.2323694,5.670792,6.130876,5.904189,5.543838,3.889829,7.201521,4.089137,5.648683,4.995692,5.5693955,4.3941917,4.6306176,5.0696225,4.6552086,4.4270077,6.1543674,5.320616,4.418801,4.473261,6.0981607,5.1261616,2.6319537,4.198146,5.3409696,5.3499694,5.644091,5.589817,5.2519245,5.180592,3.4057775,5.626822,4.0293775,5.1431327,5.9298506,4.166356,4.737105,5.1458697,3.3790054,4.0314703,3.6542919,4.601662,5.5711756,3.719175,4.5960746,6.016494,5.1550307,5.2932343,3.5344517
TCGA-MP-A4TD-01,9.17154,3.8476453,5.4314985,5.364747,4.5615764,5.1101613,6.116812,7.105789,4.7725277,5.250363,5.7277412,4.6155353,4.4020963,5.1840563,3.7051828,4.313,5.75922,6.160442,5.676343,5.4170465,3.780483,7.0572896,3.8487358,5.450785,4.8749957,5.8862686,4.395068,4.5462813,5.1600857,4.709857,4.544324,6.3205485,5.374017,4.2681313,4.4901185,6.0185943,4.927803,2.5228245,4.420104,5.064601,5.278899,5.4501987,5.56496,5.1755323,5.32033,3.2183077,5.6134386,4.03471,5.0244985,6.102535,4.154933,4.609922,5.091836,3.5557206,4.058658,4.0434704,4.5744925,5.7216544,3.7457874,4.6697745,5.8288774,4.849816,5.2190585,3.588662
TCGA-17-Z005-01,7.686663,4.439429,5.4407578,5.4489627,4.3462243,5.0303454,6.1154714,6.9364867,5.019879,5.4474998,5.5098953,4.780909,4.5701375,5.134218,3.7764733,4.3830047,5.7079344,6.170907,5.4798045,5.3233633,3.6415138,7.0286093,3.5732586,5.3453155,4.785914,6.010042,4.42726,4.2971063,5.1298523,4.736947,4.507866,6.386847,5.4143043,4.2871265,4.5827365,5.816885,4.785581,2.516299,4.5391946,4.9072256,5.345596,5.326341,5.4694715,5.046446,5.351587,3.0532033,5.694847,3.9300117,4.9484076,6.1455064,4.057193,4.3846674,4.91096,3.9819052,4.0918965,4.228495,4.629138,5.80328,3.8286572,4.69854,5.7266717,4.443514,5.193231,3.6353943
TCGA-55-7724-01,4.317197,5.911366,5.6943173,5.7000947,3.9491966,4.459223,6.028386,6.7518363,5.043248,5.3604465,5.0451884,5.092358,4.969015,5.6097035,4.2029624,4.7063174,5.747289,6.0952644,4.9366465,4.631587,3.5092506,6.7487082,3.4075012,4.6100893,4.489565,6.022789,4.6410036,4.2472353,4.831505,4.5961504,4.8322535,6.5569377,5.3092337,4.3489504,4.270372,5.4662366,4.5608053,2.384993,4.775397,4.8666058,5.496041,4.7434416,5.197559,5.0767,5.9447045,2.5214722,5.7914147,3.6500037,5.2780476,5.9995723,4.0849485,3.9424205,4.5080857,4.5061526,4.365365,5.127309,4.826541,5.9352098,3.995529,4.839174,5.7500324,3.7494793,4.817021,3.8120818
TCGA-75-5126-01,0.92643964,6.5423274,5.516924,5.8037305,3.3121612,4.0987344,6.2009115,6.554684,5.420381,5.4053836,4.767511,5.145919,5.8053718,5.6217823,4.525434,5.044801,5.8554893,5.9186997,4.445652,3.8982184,3.6786292,6.515226,3.2418835,4.343482,4.511063,6.247905,4.8832226,4.0976195,4.4068947,4.4994516,4.9661365,6.632985,5.218278,4.6850896,4.395692,5.068379,4.1909933,2.30861,4.7689033,4.604537,5.5823436,4.3110795,5.0980635,4.857036,6.7249007,1.8280852,5.908183,3.844294,5.5280795,6.172308,4.3974214,3.857135,4.448461,5.0772595,4.315015,5.788882,4.629172,5.847673,4.2304974,5.03976,5.820666,3.2027164,4.515906,3.7168033
TCGA-55-8089-01,0.6705158,6.764232,5.5790687,5.707073,3.4263194,4.1253853,6.563976,6.7817807,5.25235,5.4411564,4.831483,5.18984,5.6117663,5.595559,4.4080596,5.1046853,6.165749,5.6688204,4.2552238,3.9606314,3.8570168,6.3792353,3.3094287,4.4916534,4.8600373,6.079908,4.9101853,4.1554065,4.5440073,4.3086834,5.1983643,6.820102,5.113532,4.707476,4.506581,5.203417,4.146324,2.3757064,4.9228773,4.461206,5.2900476,4.584935,5.3327765,5.047121,6.628085,2.1317244,5.685275,4.0310817,5.4443593,6.405217,4.504639,3.9226258,4.3576527,4.836846,4.231283,5.857262,4.4093585,5.8530536,4.3845024,4.9311905,5.898271,3.370624,4.60658,3.887431
TCGA-99-7458-01,1.7431537,6.4997373,5.6043715,5.7819834,3.4746532,4.1868434,6.060871,6.5795054,5.310367,5.4283786,4.8294563,5.2010174,5.5998206,5.6160746,4.463442,4.9121137,5.7963367,5.997181,4.5959744,4.129571,3.5120623,6.60204,3.2667444,4.355943,4.3908844,6.2155275,4.830012,4.0847845,4.5669765,4.580258,4.8467083,6.5911922,5.2268543,4.611311,4.307146,5.160237,4.327286,2.2670887,4.8285093,4.711265,5.657312,4.2768617,5.058677,4.9475536,6.4888005,1.9571024,5.953058,3.6768072,5.476066,6.032995,4.2230597,3.8778017,4.4662423,4.9201474,4.3186707,5.6989675,4.8024626,5.888136,4.0655184,5.0181117,5.7346582,3.19506,4.552495,3.7617755
TCGA-55-6972-01,3.5357194,6.195496,5.698979,5.7528405,3.778012,4.3876367,6.0941596,6.7269325,5.1311326,5.3816247,5.0529494,5.1596007,5.024062,5.674941,4.223295,4.806162,5.8464336,6.0628004,4.7586102,4.3779397,3.5253594,6.7408805,3.3556333,4.494846,4.5200977,6.083816,4.693784,4.0776844,4.739661,4.5925922,4.860859,6.6454444,5.2101264,4.4067893,4.3137517,5.3677216,4.4822264,2.3593538,4.8535686,4.76866,5.5375752,4.633323,5.165341,4.9761195,6.0563316,2.2570882,5.782591,3.6791382,5.358064,6.0433207,4.133546,3.8950045,4.4899664,4.7326145,4.291792,5.5077496,4.814842,5.9450183,4.057915,4.8761225,5.797878,3.5853817,4.76267,3.9247024
TCGA-4B-A93V-01,6.8906555,4.832776,5.4740705,5.5750403,4.2748885,4.915057,6.1557136,6.894654,4.9724317,5.4977098,5.3651843,4.8973846,4.653744,5.1517715,3.854399,4.4609895,5.6196837,6.164968,5.364663,5.1920643,3.6182714,6.9381123,3.5016382,5.195225,4.705016,5.9104257,4.3977256,4.2821536,5.1447153,4.722057,4.612182,6.392176,5.414295,4.3150954,4.5095854,5.7570505,4.791738,2.4769635,4.653062,4.8694596,5.37029,5.2440095,5.41531,5.023575,5.484061,2.9798734,5.757287,3.7726483,5.0206575,6.1421347,4.0969644,4.3088975,4.819449,3.9918602,4.1380386,4.363734,4.702702,5.8971477,3.8130608,4.703717,5.7277937,4.337705,5.092389,3.6883888
TCGA-44-3917-01,4.6834292,5.870726,5.6839995,5.7387834,3.993316,4.569914,6.045036,6.7989955,4.964454,5.3570313,5.0903935,5.0743856,4.877915,5.524262,4.117387,4.6922393,5.7352123,6.0958657,4.942892,4.720209,3.5203369,6.813842,3.4201696,4.6655397,4.5702972,5.9976172,4.565857,4.2394075,4.893303,4.614418,4.851367,6.586365,5.3386474,4.3248024,4.2641635,5.566535,4.618145,2.3526356,4.7984943,4.848168,5.4536233,4.836393,5.2137876,5.037871,5.8023515,2.5467865,5.7186146,3.6380026,5.1879144,6.0628715,4.0391,3.98304,4.5612226,4.3930445,4.3278427,5.063147,4.824134,5.964728,3.939997,4.77532,5.766336,3.8065453,4.8919144,3.8869667
TCGA-MP-A4T8-01,7.4973445,4.612238,5.4407845,5.480781,4.312098,4.9926243,6.132605,6.92126,5.036061,5.50144,5.4644012,4.8452396,4.6441975,5.1581903,3.8130975,4.409869,5.6774855,6.163545,5.403123,5.295711,3.6515672,6.9675035,3.529228,5.311571,4.761246,5.964918,4.4361606,4.2843714,5.1368365,4.7266717,4.537577,6.3986263,5.436368,4.327503,4.601216,5.751408,4.775537,2.49218,4.59777,4.878643,5.336936,5.3159537,5.466484,5.0316057,5.502006,3.016006,5.757876,3.8608718,4.9867296,6.158835,4.0746956,4.3404813,4.850437,4.022401,4.108698,4.292847,4.62491,5.825136,3.858911,4.711268,5.7109528,4.384321,5.1420712,3.6283412
TCGA-05-4427-01,0.6576256,6.8047743,5.5643377,5.7281895,3.4236462,4.1278343,6.5382533,6.747909,5.2399335,5.4450855,4.877201,5.201112,5.5867977,5.5848584,4.3901563,5.083964,6.1389246,5.6997466,4.2869544,3.9702988,3.8240657,6.4087987,3.2982275,4.4795356,4.826161,6.1017737,4.9000545,4.1415033,4.5608563,4.340538,5.157456,6.8156176,5.1225777,4.705763,4.4978833,5.1931086,4.157347,2.3733342,4.9309983,4.4622245,5.3351693,4.558135,5.3127985,5.03825,6.624748,2.111953,5.695734,4.0141325,5.446179,6.372908,4.4858513,3.9309719,4.3822246,4.8427954,4.226583,5.898212,4.4454,5.863527,4.3505864,4.9443936,5.867083,3.339328,4.598405,3.919234
TCGA-75-6211-01,2.786789,6.244487,5.6750727,5.8585258,3.6875188,4.3237004,5.9192343,6.609823,5.188844,5.3469386,4.801446,5.088323,5.296505,5.6608033,4.334978,4.930566,5.7529926,6.070802,4.734934,4.2341537,3.4870963,6.7500725,3.3094501,4.3793893,4.39696,6.173723,4.764523,4.065931,4.5734205,4.6078806,4.861392,6.5727773,5.211032,4.5485535,4.2521396,5.306853,4.3905745,2.3337727,4.766419,4.7746177,5.6655383,4.4224224,5.052784,4.90061,6.1024194,2.0084996,5.794627,3.6019053,5.408657,6.0195985,4.1425247,3.803909,4.441182,4.8402863,4.3081603,5.5388584,4.80738,5.9534,4.068425,4.9617596,5.823327,3.421282,4.700213,3.84703
TCGA-75-5146-01,5.6000433,5.5383644,5.5627856,5.6825705,4.1198864,4.691149,6.0856056,6.8337994,4.9772115,5.393369,5.1965675,4.9517245,4.8027415,5.380631,3.9840956,4.66077,5.7079663,6.1109834,5.131912,4.878775,3.5877252,6.8919735,3.4761097,4.8828764,4.6407146,5.992629,4.5199594,4.2812767,4.943995,4.651221,4.73506,6.4333754,5.3197193,4.346759,4.368861,5.663127,4.674089,2.4504542,4.6919403,4.854992,5.454986,5.0069957,5.3131747,5.0046744,5.635666,2.7050529,5.6860776,3.74138,5.1805434,6.070242,4.1075883,4.0830894,4.649648,4.2803187,4.2928867,4.8175945,4.762174,5.9290776,3.9665253,4.7521343,5.764313,4.033351,4.974567,3.7862055
TCGA-55-8620-01,1.6517586,6.4086637,5.6204324,5.8051805,3.4404469,4.1608872,6.062716,6.561908,5.4047785,5.386496,4.648087,5.152226,5.671807,5.6449957,4.4563365,4.9603,5.791794,6.017676,4.6210747,3.9742281,3.6111195,6.6026597,3.239267,4.3232164,4.3724284,6.18293,4.8758616,3.9912393,4.4407973,4.5504866,4.973894,6.620433,5.192755,4.6158447,4.3048296,5.096276,4.225193,2.3477628,4.779108,4.6577144,5.6647315,4.3527,5.052779,4.8647704,6.5060973,1.8668747,5.935532,3.6577868,5.499435,6.076141,4.2956123,3.7893143,4.3720245,5.050188,4.28755,5.653177,4.6740203,5.880821,4.184517,4.9665627,5.820947,3.2835698,4.5796123,3.7145352
TCGA-55-7573-01,9.674306,3.659594,5.4127192,5.2874727,4.6737604,5.1479845,6.0366783,7.126685,4.841831,5.256949,5.631986,4.521962,4.360369,5.1848035,3.6522255,4.2882957,5.7388973,6.2124634,5.717295,5.5155582,3.784142,7.1361227,3.9194214,5.573886,4.8379297,5.7383456,4.457493,4.5192733,5.17017,4.744885,4.4381666,6.235034,5.35274,4.3743277,4.597607,5.9640946,4.929115,2.5822031,4.3435645,5.1213894,5.3770556,5.524874,5.5996194,5.2194963,5.318028,3.219956,5.653095,4.0278015,5.0011744,6.0719433,4.1327367,4.6450644,5.1224213,3.5464222,4.002308,3.8802052,4.5418572,5.6582217,3.7593281,4.6674504,5.825478,4.931342,5.2454,3.5254157
TCGA-91-8499-01,3.709225,6.241189,5.682135,5.8039417,3.7682178,4.4197073,6.092693,6.63405,5.0201063,5.392349,5.0392995,5.183671,5.1165066,5.6236887,4.1783657,4.7683105,5.7988143,6.0838447,4.767286,4.442502,3.504381,6.7392287,3.3487227,4.5032806,4.4899673,6.1057434,4.6716166,4.181786,4.7655225,4.626372,4.863842,6.6823177,5.306464,4.3866167,4.2564826,5.422388,4.4455814,2.3882282,4.8040986,4.7819905,5.528803,4.6424003,5.146358,5.0058656,5.9273753,2.2692823,5.6886606,3.5990927,5.295688,6.0482087,4.0908375,3.8585706,4.49013,4.680009,4.3128977,5.430684,4.7561517,6.0045505,4.060084,4.8671017,5.7611117,3.5432906,4.78718,3.9575498
TCGA-38-A44F-01,10.232891,3.3177373,5.4461684,5.1714425,4.9735923,5.2848487,5.8195176,7.395879,4.615285,4.954344,5.748545,4.275047,4.124588,5.4409184,3.6452563,4.273828,5.751045,6.1443033,5.9503317,5.509025,3.922938,7.186593,4.1673346,5.6886926,5.003617,5.543283,4.4277773,4.699331,5.054732,4.6295443,4.4877605,6.1351304,5.249278,4.4268446,4.46418,6.1523595,5.1316395,2.6037354,4.1795053,5.3605433,5.3282785,5.595187,5.6118007,5.2992935,5.285688,3.4076667,5.5987687,4.106643,5.18458,5.923419,4.1989346,4.7687936,5.1909895,3.2743208,4.0218363,3.6019552,4.5931115,5.5376654,3.716002,4.617612,6.0507927,5.2569246,5.2862654,3.5220644
TCGA-05-4396-01,0.293306,6.827463,5.47383,5.6743402,3.3923697,4.091905,6.5500245,6.8024926,5.256313,5.423953,5.028357,5.15868,5.516709,5.4999948,4.3927994,5.084126,6.168058,5.7257843,4.218973,3.9593234,3.8705995,6.469866,3.311008,4.488362,4.944477,6.0771503,4.9194117,4.1519156,4.548246,4.320708,5.052151,6.780372,5.0752187,4.7543154,4.586789,5.1092463,4.1872616,2.3435462,4.9329276,4.41834,5.367483,4.5586424,5.3743286,5.0330772,6.6711273,2.0946767,5.6606483,4.2098103,5.4605694,6.3917227,4.5470862,4.0050254,4.528212,4.7974606,4.1938276,5.9569664,4.3891373,5.7853236,4.401615,4.9464865,5.875106,3.32131,4.592114,3.9912865
TCGA-78-7148-01,4.41607,5.9745045,5.7053413,5.7475257,3.9311488,4.541998,6.0595174,6.7644224,5.0339503,5.2613797,5.0485463,5.068933,5.0148673,5.5148525,4.1272593,4.723606,5.7466025,6.080798,4.893834,4.6665597,3.4777384,6.8701525,3.4523401,4.6051455,4.5558343,6.0679784,4.5952163,4.196907,4.804681,4.623198,4.880011,6.6250954,5.3463736,4.352085,4.249421,5.5134077,4.551467,2.3517714,4.7796435,4.877657,5.5015345,4.8292956,5.1812525,5.0277877,5.8060284,2.4717593,5.67088,3.7068217,5.210169,6.0331554,4.044725,3.9485068,4.5447373,4.4701877,4.315463,5.1076317,4.8142242,5.917697,3.9715102,4.7737155,5.7539907,3.7671409,4.866686,3.844676
TCGA-86-8359-01,6.050527,5.3215327,5.5112085,5.662143,4.199025,4.8027344,6.066398,6.8748817,4.9393764,5.4332895,5.262682,4.8962026,4.7127075,5.3175163,3.928767,4.596623,5.680927,6.1393228,5.2378983,5.0005136,3.6125417,6.92221,3.4909267,5.0081058,4.6840897,5.975367,4.4603853,4.283475,5.022034,4.6707416,4.676048,6.3778405,5.3348775,4.3398385,4.405187,5.757217,4.7509484,2.4494534,4.659123,4.851481,5.4306846,5.08461,5.340519,4.9881477,5.5491343,2.7894528,5.7018976,3.741279,5.149497,6.0963044,4.0955405,4.159807,4.713248,4.155724,4.258875,4.653903,4.7615147,5.9363585,3.895513,4.731488,5.773773,4.133502,5.029152,3.7808244
TCGA-49-6743-01,0.6098834,6.6407013,5.4557915,5.7493424,3.2927945,4.051678,6.2874613,6.567388,5.42703,5.4134526,4.8203073,5.161144,5.748091,5.5753446,4.4923396,5.0532765,5.9300303,5.924725,4.3799047,3.868958,3.7408948,6.5096736,3.2594557,4.371806,4.593652,6.216484,4.9125605,4.1370754,4.445264,4.4606957,4.9888673,6.625021,5.162186,4.7266374,4.475177,5.0459695,4.171015,2.341757,4.7756133,4.5436654,5.56447,4.3148518,5.188956,4.8780613,6.7696676,1.8815074,5.857088,3.9333467,5.5245185,6.217469,4.4805326,3.9092875,4.505884,5.0266867,4.293569,5.867145,4.5297713,5.8144255,4.317554,5.031311,5.837057,3.192145,4.513744,3.7895381
TCGA-17-Z058-01,8.200425,4.2519054,5.432267,5.40655,4.4307275,5.057804,6.1155047,6.9868674,4.960359,5.4122615,5.5293074,4.75162,4.5615315,5.1676946,3.741283,4.3471804,5.707697,6.135387,5.523387,5.3760395,3.7004938,7.0278077,3.6358247,5.4013715,4.8174944,5.957822,4.4287977,4.3979545,5.1224527,4.7019615,4.4979553,6.3441763,5.405778,4.2808857,4.5375857,5.877067,4.799796,2.540584,4.492828,4.9751215,5.283528,5.3875036,5.5300503,5.0997295,5.3404217,3.1339176,5.641925,3.9340334,4.9681144,6.156721,4.079214,4.4341226,4.94028,3.874703,4.084955,4.1600246,4.5740185,5.7772202,3.8507738,4.703442,5.7581143,4.5629916,5.1973352,3.599709
TCGA-97-8547-01,9.3945675,3.722723,5.4422274,5.2544622,4.557805,5.127131,6.120851,7.0922,4.8784018,5.2323427,5.6557603,4.577198,4.4221797,5.178702,3.6460361,4.227115,5.7588325,6.228681,5.7116265,5.501398,3.7632594,7.141935,3.8941393,5.516527,4.901558,5.852885,4.4251237,4.542547,5.133907,4.7467713,4.468913,6.321129,5.402157,4.287741,4.5664377,5.94482,4.9178505,2.5710034,4.3094087,5.13976,5.2872453,5.532459,5.58785,5.1746035,5.274817,3.236376,5.6131034,4.0503416,4.955461,6.087454,4.1054463,4.6500115,5.131771,3.5950985,4.022777,3.9575682,4.519088,5.6385055,3.7612476,4.66787,5.8084517,4.882605,5.270686,3.526496
TCGA-17-Z044-01,7.7921753,4.399709,5.3928313,5.492853,4.388034,5.054179,6.159192,6.9432693,4.9531755,5.4990625,5.52998,4.7617483,4.5979967,5.1468925,3.7440171,4.4093337,5.660877,6.1323075,5.493777,5.3330092,3.7236495,6.998567,3.587191,5.359281,4.7532496,6.0156465,4.448129,4.373386,5.1431384,4.7471113,4.5467186,6.348001,5.417681,4.2997656,4.5639443,5.8661227,4.772777,2.5152287,4.5689855,4.8742557,5.363013,5.352382,5.505645,5.081087,5.398955,3.0537593,5.711167,3.9122114,4.961764,6.1948333,4.0736685,4.3784513,4.907537,3.9705827,4.094454,4.2235875,4.6152925,5.839343,3.8558757,4.6841283,5.726584,4.4871984,5.190484,3.6117756
TCGA-55-7284-01,9.91583,3.4410918,5.3845816,5.2447276,4.7348976,5.2039976,6.000955,7.2803664,4.6517344,5.115841,5.699205,4.368886,4.245871,5.275611,3.5844026,4.2571883,5.663392,6.204114,5.916453,5.530165,3.9148376,7.2076073,4.115003,5.6198707,4.9353495,5.609796,4.3973336,4.7061205,5.150502,4.7582073,4.515779,6.125408,5.304358,4.337676,4.5184617,6.118258,5.130081,2.577754,4.240301,5.2324157,5.3845325,5.6334286,5.5824094,5.2355223,5.194212,3.3111846,5.6895866,4.079731,5.0614448,5.9863806,4.166471,4.7647033,5.2320843,3.3633893,4.030298,3.682411,4.6121125,5.616307,3.7137399,4.5655875,5.933537,5.1616597,5.3220954,3.5388227
TCGA-75-5147-01,9.805262,3.594661,5.4125357,5.2797303,4.783538,5.212959,5.879436,7.2774253,4.75007,5.201411,5.5557823,4.417983,4.2970634,5.3326216,3.665882,4.3002524,5.744155,6.159104,5.816164,5.565254,3.8589363,7.1316967,3.9881635,5.617855,4.9039564,5.5775256,4.437024,4.575437,5.1590805,4.6677685,4.3848333,6.0999694,5.2573376,4.4146442,4.4908733,6.030119,5.0695205,2.574806,4.3152742,5.168037,5.3702345,5.541337,5.6449847,5.213817,5.2464404,3.3007388,5.6921387,4.0235796,5.093017,5.9811015,4.187923,4.667908,5.145174,3.4532204,4.065693,3.7874122,4.549706,5.6272507,3.8115253,4.6396184,5.867612,4.8971605,5.230924,3.5330012
TCGA-55-7227-01,5.907261,5.3709884,5.5421753,5.633724,4.183491,4.751526,6.042868,6.8568892,4.9873466,5.449238,5.2353153,4.9233994,4.699066,5.324567,3.9377098,4.5856075,5.7061048,6.152587,5.236342,4.9770446,3.572555,6.9038258,3.460044,4.9957013,4.6574054,5.9346743,4.4816995,4.2669363,5.022467,4.674993,4.679946,6.389897,5.3108964,4.3343925,4.4314537,5.6810904,4.7312894,2.4735825,4.6559696,4.852068,5.452738,5.0603523,5.338839,5.013353,5.5631313,2.8038118,5.713337,3.751942,5.141421,6.0597634,4.093253,4.147373,4.705233,4.1648273,4.2587414,4.6636915,4.7652445,5.9236617,3.9120045,4.7605047,5.7438273,4.113778,5.0236325,3.778346
TCGA-64-1677-01,5.027942,5.7713943,5.607935,5.647931,4.048302,4.5876365,6.049222,6.815768,5.02903,5.4825234,5.115779,5.042482,4.7954707,5.4714785,4.085714,4.722804,5.754805,6.076881,5.0565577,4.7307506,3.5532646,6.7677135,3.3940601,4.825332,4.566146,5.9951425,4.5869164,4.2136264,4.925912,4.597758,4.7625837,6.4157014,5.242733,4.416516,4.3919587,5.571268,4.634291,2.4297428,4.7319374,4.8348722,5.4648952,4.8809857,5.2839794,5.0361013,5.774123,2.6521018,5.745241,3.6450515,5.283209,6.031663,4.1394343,4.007367,4.5243254,4.382837,4.325483,4.965134,4.77573,5.9446135,4.029356,4.7857127,5.774299,3.858737,4.8784947,3.777432
TCGA-49-4488-01,3.469927,6.30018,5.7058916,5.75902,3.773962,4.3449235,6.0881,6.69626,5.0435214,5.3584933,5.013808,5.1587887,5.175599,5.652781,4.2896028,4.8559055,5.865709,5.9680457,4.6764994,4.410778,3.53152,6.653252,3.3808808,4.479427,4.5317073,6.118947,4.7381687,4.2214327,4.721793,4.5451245,4.8523493,6.6698785,5.218835,4.4823213,4.2547374,5.404907,4.425362,2.3726544,4.83139,4.8074126,5.506192,4.5508313,5.189275,5.0707393,5.980172,2.3023508,5.715024,3.658283,5.3574114,6.069041,4.148849,3.871325,4.4471984,4.663295,4.3324018,5.4471283,4.753491,5.963133,4.110178,4.889982,5.795252,3.516465,4.7484245,3.9298682
TCGA-86-7711-01,4.7152824,5.9165072,5.6111746,5.690062,3.9778626,4.572279,6.0844846,6.7705383,5.0467696,5.314015,5.050743,5.012398,4.921042,5.504638,4.107818,4.7587776,5.7500343,6.1495876,5.0019646,4.645157,3.5529547,6.841789,3.4659958,4.716798,4.561973,6.0685387,4.583076,4.2235146,4.8082414,4.614919,4.89203,6.4803815,5.305771,4.4071946,4.3002143,5.575174,4.5727425,2.3967044,4.690068,4.86181,5.463049,4.8636956,5.207472,4.974477,5.802622,2.5408595,5.6814117,3.705954,5.3040695,6.0366135,4.117584,3.9567168,4.50802,4.48788,4.362551,5.0605025,4.794495,5.913132,4.0495086,4.7517433,5.8049774,3.8393626,4.868434,3.7877495
TCGA-17-Z041-01,9.187546,3.778073,5.454757,5.283448,4.6195116,5.10209,6.05371,7.107874,4.830211,5.217588,5.6624722,4.5736647,4.4088926,5.270765,3.6885653,4.296441,5.7700953,6.1713104,5.6730256,5.4375815,3.7785943,7.0888,3.8564415,5.485806,4.891164,5.861807,4.4578967,4.5986457,5.0853796,4.7001443,4.508774,6.3075185,5.3701534,4.299057,4.509447,5.9533896,4.8970137,2.5767617,4.3239503,5.1486816,5.275916,5.4664903,5.5781627,5.1945925,5.2915525,3.2292144,5.5940247,4.0546155,5.006883,6.082514,4.107722,4.576464,5.069001,3.6428003,4.0731792,4.0104394,4.5619416,5.669902,3.8267412,4.6894617,5.853161,4.8597245,5.2598567,3.5775104
TCGA-MN-A4N4-01,0.62076724,6.882856,5.579276,5.710874,3.4536288,4.134533,6.637324,6.8071637,5.1786427,5.452755,4.9177957,5.217784,5.5324574,5.5855446,4.353638,5.0978,6.214791,5.63281,4.2292886,3.9868515,3.864179,6.388801,3.3143618,4.5084453,4.9219522,6.050287,4.9014153,4.1604795,4.5971165,4.3001065,5.2134533,6.867768,5.105957,4.691544,4.5228863,5.228556,4.151359,2.3830206,4.97755,4.4256897,5.2596884,4.6286154,5.365315,5.089261,6.602905,2.1830645,5.6282477,4.070036,5.420458,6.4319143,4.5011487,3.9467347,4.3687463,4.7857485,4.2083273,5.943799,4.4037137,5.870417,4.381357,4.916959,5.887276,3.37814,4.6219935,3.9751942
TCGA-05-4250-01,3.0635655,6.306805,5.652109,5.7979016,3.742345,4.346538,5.999829,6.6214733,5.1424956,5.4398093,4.9259586,5.154476,5.186531,5.625362,4.2435713,4.865146,5.7521634,6.0174365,4.7349668,4.284262,3.5161037,6.7182,3.2568471,4.466867,4.462693,6.1233616,4.7321863,4.1031437,4.664688,4.5964847,4.8618464,6.5791903,5.2228293,4.483019,4.319187,5.3424997,4.402676,2.399957,4.7887692,4.7705073,5.595752,4.5572076,5.116403,4.9519877,6.062284,2.1275024,5.7462764,3.6101935,5.380096,6.0577593,4.1496263,3.8243775,4.4260817,4.806286,4.314686,5.50666,4.793119,5.9870944,4.0930886,4.9248643,5.8399396,3.4803574,4.734156,3.8986912
TCGA-55-A57B-01,9.948752,3.5203238,5.3942585,5.2225666,4.7762465,5.2432413,5.939181,7.228853,4.8154693,5.2021112,5.5923057,4.450372,4.338568,5.2795196,3.6388283,4.2564087,5.704944,6.192407,5.818945,5.596659,3.841767,7.1662045,3.9765027,5.680295,4.918805,5.6374464,4.421968,4.573262,5.1332192,4.6849523,4.380219,6.1562276,5.3531747,4.438263,4.563756,6.0116405,5.031025,2.596773,4.256776,5.225931,5.3402367,5.612717,5.6268296,5.193485,5.248718,3.334889,5.66634,4.004502,5.074543,5.9979687,4.145066,4.6496587,5.0982337,3.5230057,4.030343,3.73796,4.5262895,5.601078,3.815112,4.6282477,5.87034,4.9938135,5.26398,3.4865234
TCGA-44-7671-01,4.8457847,5.863113,5.616867,5.6948853,4.0127687,4.6291223,6.0412188,6.8343244,5.047376,5.4230247,5.054215,5.0309005,4.817114,5.4951544,4.1216283,4.7617354,5.7682242,6.1617255,5.0330267,4.663471,3.54883,6.845381,3.4371543,4.7651772,4.573122,5.991084,4.5637417,4.086249,4.9008904,4.615704,4.8069134,6.43272,5.2460327,4.448041,4.3664246,5.630434,4.652251,2.3505723,4.776041,4.778211,5.488706,4.8608375,5.201627,4.93938,5.835017,2.5073571,5.7609673,3.6766486,5.310475,6.0668836,4.1194673,3.9966648,4.5257864,4.4166913,4.284488,5.0552764,4.821302,5.941061,3.974578,4.7667885,5.8312106,3.818425,4.862004,3.835908
TCGA-86-8075-01,9.701485,3.5776472,5.410983,5.2666755,4.638461,5.2503624,6.012001,7.1544247,4.911742,5.313172,5.562531,4.5452867,4.4479594,5.239066,3.6034956,4.268143,5.736542,6.2316027,5.769736,5.5865493,3.7806418,7.1261296,3.8616486,5.6772146,4.871625,5.750068,4.4258165,4.546623,5.1553926,4.6779695,4.3969865,6.175511,5.3512487,4.3937764,4.5793233,5.9751153,4.9317846,2.5531552,4.3240004,5.139774,5.275145,5.545763,5.6355977,5.1532884,5.273784,3.2934783,5.6540494,3.9679198,4.995214,6.0600734,4.108353,4.5439215,5.0413795,3.6165354,4.0597916,3.7926767,4.492824,5.634407,3.8777547,4.6908913,5.754154,4.844758,5.242334,3.46029
TCGA-78-7143-01,0.8679233,6.7902527,5.58319,5.7547555,3.4660168,4.160687,6.5216856,6.7552295,5.190345,5.4352865,4.9337435,5.1935315,5.520766,5.599683,4.3605876,5.0710506,6.1239243,5.699428,4.3252053,4.0096297,3.805365,6.439217,3.3070467,4.481211,4.820108,6.0924115,4.87693,4.1332536,4.578662,4.361708,5.1407523,6.831092,5.140685,4.6697307,4.4743457,5.2257757,4.1816645,2.3695407,4.94698,4.475233,5.337856,4.594998,5.2987156,5.0416303,6.5643864,2.1270728,5.680801,4.0126534,5.4283233,6.3605103,4.453083,3.931352,4.3913302,4.825291,4.2202077,5.901878,4.4813757,5.8831053,4.3133383,4.936388,5.8598757,3.383395,4.618284,3.9496813
TCGA-MN-A4N1-01,2.0137625,6.373831,5.658899,5.8061566,3.5266962,4.236778,5.966872,6.6175547,5.364086,5.3829036,4.721765,5.124616,5.478224,5.601237,4.4392357,4.9654183,5.8156724,6.045528,4.683052,4.1061273,3.5429764,6.6588483,3.2833915,4.360095,4.367104,6.1960545,4.854456,3.9524722,4.5152245,4.5540147,4.869209,6.5690684,5.1341205,4.67198,4.29073,5.174741,4.3157563,2.2964864,4.8181186,4.6861243,5.7051806,4.321989,5.0650563,4.885796,6.3049664,1.9161634,5.9426,3.644834,5.489589,6.039582,4.244453,3.8335545,4.41813,4.923582,4.2539062,5.6019487,4.7401366,5.876868,4.117359,4.974707,5.7907925,3.2936296,4.5998745,3.754058
TCGA-17-Z048-01,10.052527,3.5562105,5.4113564,5.203462,4.7486343,5.2112393,5.960555,7.297329,4.704968,5.1101785,5.6341767,4.440346,4.282877,5.3012867,3.629085,4.220446,5.608037,6.0610547,5.8645062,5.5504856,3.8994503,7.168252,4.0167675,5.611727,5.049046,5.693453,4.368054,4.5845194,5.0649586,4.6136165,4.4181376,6.176561,5.3715405,4.3909836,4.4629817,6.126065,5.0930357,2.6161637,4.254258,5.296903,5.261054,5.6870656,5.5874453,5.22747,5.1014714,3.4320078,5.5980206,4.0089607,5.103511,5.9880495,4.1636662,4.6832047,5.095157,3.4180527,4.057878,3.6750603,4.5787334,5.601984,3.7706954,4.6040087,5.9958415,5.1190333,5.2881017,3.542231
TCGA-93-7347-01,7.7292795,4.4427958,5.5061307,5.4867077,4.39071,5.0225406,6.0571356,7.028444,4.942462,5.3906755,5.480283,4.800498,4.469156,5.172677,3.8289473,4.3777294,5.7351475,6.1617656,5.507657,5.331445,3.6252394,6.9869866,3.5946116,5.3043985,4.79436,5.8596044,4.3686595,4.2669806,5.187808,4.693215,4.526747,6.364158,5.344048,4.2251334,4.4751744,5.8485003,4.8890934,2.4734983,4.602469,4.918013,5.3210087,5.2844634,5.4712815,5.067883,5.3127656,3.134234,5.7220488,3.8965154,4.9629507,6.1022496,4.0966935,4.442377,4.9573317,3.8214352,4.1084504,4.1534696,4.6776686,5.8188405,3.757252,4.688173,5.7280807,4.429681,5.1508093,3.6816025
TCGA-97-A4M6-01,10.307841,3.4744275,5.3715878,5.1987686,4.9087133,5.2473335,5.910921,7.279482,4.6856174,5.1171145,5.5848083,4.3865037,4.2943654,5.274065,3.65619,4.2388186,5.5899816,6.0624814,5.849659,5.580056,3.9012606,7.19895,4.0341606,5.6525087,4.9473743,5.581862,4.392844,4.6192217,5.0861454,4.6477566,4.3725166,6.1438236,5.3889427,4.4927483,4.504752,6.116279,5.0946026,2.6611753,4.222489,5.3169785,5.3576026,5.696654,5.59955,5.253831,5.172956,3.387402,5.6274076,3.9538164,5.1691866,5.9589076,4.167634,4.7063274,5.0701237,3.430849,4.006596,3.6805098,4.5838947,5.608219,3.7395961,4.5729237,6.030834,5.1796083,5.278535,3.5221326
TCGA-MP-A4TI-01,4.6690907,5.997238,5.712197,5.681523,3.997075,4.529704,6.0415373,6.829035,4.9907923,5.3620734,5.135159,5.0964966,4.882572,5.575699,4.1440034,4.6997895,5.792166,6.0823727,4.9478183,4.689196,3.5117912,6.767734,3.4360814,4.6506515,4.5329823,6.001725,4.612001,4.1902657,4.899262,4.601616,4.8182254,6.5693655,5.268186,4.374317,4.2750506,5.5447135,4.615106,2.3657928,4.8137627,4.8579097,5.4953094,4.819483,5.21608,5.0745163,5.809599,2.5751243,5.7603774,3.6394854,5.280919,6.005435,4.081602,3.972588,4.5180054,4.432189,4.330166,5.096972,4.8455753,5.948913,3.9848151,4.7762613,5.779622,3.7784574,4.8448954,3.8896444
TCGA-78-7539-01,1.9506837,6.4542284,5.6537848,5.7970595,3.4908276,4.248457,5.9930863,6.629152,5.3202786,5.4066653,4.7884254,5.1373706,5.532465,5.6094055,4.4406714,4.9727216,5.796324,5.9963202,4.621351,4.1062803,3.5586786,6.6323957,3.2735407,4.3711033,4.411307,6.182475,4.8238406,3.995326,4.506965,4.5493293,4.8840055,6.5667114,5.2047076,4.619393,4.2957926,5.200885,4.324854,2.2512236,4.815075,4.6887283,5.633577,4.3726244,5.0346804,4.8924103,6.34835,1.8901862,5.9308863,3.6739073,5.4790506,6.084342,4.228699,3.832954,4.4154277,4.9206443,4.2975016,5.6146107,4.7693353,5.891176,4.0961585,4.9652295,5.811319,3.2825131,4.588808,3.742393
TCGA-55-A48Z-01,9.75204,3.580412,5.4293537,5.2731514,4.6933675,5.1869383,5.981835,7.172079,4.8082876,5.241071,5.536007,4.52176,4.3764277,5.240818,3.6169696,4.2664104,5.672687,6.1782336,5.788477,5.5445313,3.80475,7.141511,3.909562,5.577472,4.88546,5.7166266,4.4067044,4.578948,5.121888,4.6696396,4.427591,6.1589003,5.34491,4.3765244,4.5016685,6.023239,4.9945955,2.6119418,4.3133574,5.2019324,5.32054,5.570861,5.594302,5.1987133,5.1705275,3.3100095,5.635721,3.9367883,5.0374894,6.016097,4.11675,4.5792947,5.0462604,3.5338764,4.083772,3.7688026,4.5836167,5.6635704,3.814674,4.6588545,5.858141,4.9519186,5.255001,3.5291345
TCGA-44-4112-01,1.6643115,6.3844304,5.608193,5.8707023,3.457544,4.21301,5.995948,6.6022415,5.384531,5.3784733,4.7486744,5.086867,5.610238,5.625416,4.5095863,5.035927,5.7821746,6.0038857,4.6360717,4.042024,3.547467,6.6396894,3.272778,4.3306165,4.38104,6.2305903,4.8403125,3.9714215,4.4392767,4.576093,4.8756413,6.564655,5.191159,4.6671696,4.291372,5.138743,4.3092604,2.2439742,4.803742,4.6743526,5.7107434,4.2881947,5.011006,4.826121,6.4538846,1.8243078,5.963467,3.7240427,5.5093913,6.0527244,4.2595286,3.8359065,4.4474306,5.0206733,4.2850895,5.6856785,4.7901025,5.8708806,4.096876,5.02506,5.779713,3.265213,4.5593953,3.7136388
TCGA-05-4418-01,3.894144,6.071828,5.701435,5.7656507,3.8841975,4.4221573,6.023168,6.73817,5.0610485,5.4088416,5.0152316,5.1342926,4.9909935,5.599601,4.2070723,4.75713,5.748033,6.0894594,4.838472,4.517801,3.4896796,6.7565966,3.3282056,4.544673,4.4847493,6.0296803,4.657676,4.1403317,4.8012753,4.6126056,4.8584056,6.6029077,5.2890987,4.374594,4.2910132,5.431567,4.51075,2.3628438,4.8433614,4.7894053,5.5321937,4.716535,5.145858,5.033756,5.999418,2.3714712,5.77097,3.6271305,5.289056,6.0499144,4.064225,3.8838718,4.4681735,4.592817,4.3325267,5.2892694,4.8535438,5.982515,3.9893155,4.8417025,5.7744527,3.6384363,4.811903,3.9019663
TCGA-55-1594-01,5.452292,5.5549836,5.558238,5.642115,4.0817175,4.691484,6.098105,6.8080893,4.994791,5.434656,5.2069807,5.0066295,4.7787604,5.444063,4.0263276,4.6088614,5.7274647,6.1913605,5.1519756,4.837524,3.5832894,6.8165126,3.4352949,4.9035435,4.6014066,6.0054846,4.5090065,4.2327375,4.9661303,4.6465435,4.780489,6.460034,5.3402076,4.3460503,4.374318,5.641616,4.673831,2.4300318,4.672449,4.833498,5.42364,4.9602466,5.2732396,4.9905033,5.707807,2.7230532,5.743915,3.6697083,5.2202806,6.061771,4.103871,4.077099,4.6085696,4.338936,4.300725,4.844176,4.760712,5.942102,3.955264,4.7559137,5.774958,3.9590101,4.9361496,3.7986362
TCGA-78-7154-01,4.610121,5.9171567,5.665395,5.7551064,4.0507917,4.493267,5.9948363,6.8100224,4.9730678,5.3951383,5.0534368,5.0352535,4.805417,5.5364017,4.1597204,4.7880907,5.72539,6.096514,4.979562,4.6742277,3.5178082,6.7770658,3.3932571,4.6562696,4.515643,5.9637117,4.602209,4.2456527,4.8641286,4.6263757,4.8767567,6.5035515,5.3024793,4.358035,4.2761636,5.5559926,4.59435,2.371144,4.791146,4.8070107,5.47877,4.825338,5.1808,5.0465865,5.8531537,2.5868158,5.7111454,3.6604984,5.2428403,6.0453005,4.0529523,3.9257019,4.482731,4.4389286,4.3916316,5.065968,4.8780236,5.9877563,3.9947355,4.7819133,5.7743144,3.8203251,4.8900957,3.8711643
TCGA-86-8672-01,3.51658,6.142038,5.716913,5.848475,3.8746412,4.347181,6.0385714,6.6613436,5.00445,5.3492045,4.8964186,5.1160727,5.124154,5.6907673,4.222461,4.8565946,5.7855496,6.096623,4.7639475,4.4230223,3.4718616,6.7354207,3.3522594,4.4432187,4.448474,6.038975,4.713692,4.26037,4.72814,4.6085825,5.0005198,6.642562,5.305358,4.4054003,4.242899,5.419976,4.4209027,2.41167,4.768247,4.797268,5.5757227,4.599217,5.1241865,5.0378933,5.990353,2.3266358,5.6488113,3.6082723,5.2794137,6.0373335,4.069228,3.7821624,4.4264426,4.6558886,4.387018,5.4202476,4.784436,6.0200453,4.0996356,4.9050345,5.790563,3.5789566,4.8074884,3.9427552
TCGA-78-7535-01,6.0798693,5.30289,5.5038085,5.688722,4.153419,4.7606845,6.09919,6.874142,4.935782,5.46218,5.2647595,4.890374,4.7477407,5.30917,3.9487185,4.637393,5.681792,6.082633,5.199962,4.9788156,3.6487737,6.8790197,3.4812884,4.9775963,4.68605,6.00868,4.4908056,4.2727065,5.035095,4.6725163,4.623058,6.375213,5.288831,4.349874,4.4208193,5.7050853,4.7510257,2.4596825,4.714163,4.8200216,5.469977,5.0402627,5.3758917,4.9960966,5.5560255,2.7521348,5.752029,3.7498472,5.1424255,6.1202917,4.1329136,4.1795893,4.734659,4.210375,4.237053,4.709285,4.7535396,5.953768,3.9107497,4.7376657,5.761998,4.088768,5.0175014,3.7881138
TCGA-NJ-A4YI-01,2.0832775,6.340904,5.5857058,5.8432546,3.4938471,4.1986494,6.0010033,6.511208,5.3361387,5.434355,4.7775073,5.174134,5.55097,5.6231666,4.4387393,4.882125,5.6924763,6.065933,4.680714,4.0935965,3.4919572,6.640753,3.1883743,4.3395634,4.3312416,6.248388,4.8102098,4.0523973,4.5136085,4.6213727,4.8405476,6.605311,5.259005,4.5789146,4.294719,5.1224194,4.297873,2.3419135,4.7677608,4.727441,5.7340198,4.3188186,5.0160284,4.8783317,6.452466,1.9073548,5.930182,3.610529,5.4784007,5.9951463,4.1999083,3.8017063,4.434002,5.0302444,4.3261986,5.6329503,4.802542,5.925045,4.072142,5.024552,5.7328663,3.2316334,4.5861907,3.7793124
TCGA-17-Z027-01,8.5819845,4.105076,5.379842,5.4245114,4.452904,5.0864015,6.1285763,7.0866346,4.8996153,5.434573,5.623007,4.696249,4.5054035,5.1676774,3.7311208,4.3607173,5.733791,6.0890136,5.5919003,5.454762,3.7696815,6.97473,3.6616547,5.4862967,4.8535748,5.928834,4.4387436,4.3698635,5.1800537,4.6511645,4.436656,6.297673,5.3662796,4.3298416,4.533901,5.973745,4.8212056,2.5214007,4.532666,4.9248133,5.252074,5.413466,5.6051273,5.142701,5.31747,3.2235553,5.6285086,3.9992144,4.97583,6.194276,4.1374307,4.4793153,4.980325,3.7853,4.0576925,4.105281,4.5181384,5.7827554,3.877799,4.694127,5.7439046,4.6049623,5.190672,3.5830734
TCGA-91-8496-01,10.222793,3.4608839,5.407745,5.2008905,4.850516,5.2782545,5.887026,7.3111377,4.6973896,5.1126924,5.5928774,4.4046345,4.2970467,5.3243175,3.6255374,4.2247543,5.6356773,6.110054,5.900716,5.5831265,3.8908408,7.179679,4.025675,5.6676064,5.000706,5.61032,4.3570814,4.630455,5.0815654,4.6149926,4.390529,6.1270843,5.3500185,4.4343452,4.4562793,6.1245117,5.1288104,2.6216342,4.224676,5.326663,5.302464,5.6724224,5.6035085,5.2145553,5.124525,3.4347546,5.625091,3.9431965,5.1486416,5.9376464,4.1627617,4.6729774,5.081436,3.4080124,4.066783,3.6462417,4.58569,5.5966725,3.7664554,4.607435,5.979091,5.1170864,5.275267,3.5139983
TCGA-62-8395-01,8.862609,3.9506454,5.4477935,5.3607135,4.5266004,5.128719,6.1097584,7.043874,4.8864636,5.3296485,5.5896354,4.6659274,4.5151076,5.1790004,3.6873195,4.3160696,5.722721,6.146765,5.615846,5.4092107,3.7394273,7.070522,3.7462764,5.449505,4.8517957,5.913941,4.410289,4.520555,5.1165075,4.699158,4.508165,6.3076687,5.3842897,4.2871795,4.5120893,5.9410324,4.8714333,2.54148,4.425774,5.061874,5.272032,5.4327393,5.555934,5.127892,5.2977867,3.1741304,5.6295633,3.9511259,4.987507,6.111719,4.102475,4.5034075,5.0087543,3.7093806,4.084342,4.046876,4.576059,5.726235,3.8175488,4.7066493,5.7912817,4.730509,5.215897,3.5708992
TCGA-97-8171-01,9.635416,3.50557,5.432852,5.230297,4.576381,5.193541,6.105418,7.0798907,4.9392743,5.2816687,5.6468725,4.570493,4.445354,5.155797,3.5718424,4.220153,5.7775955,6.2710257,5.7533865,5.548695,3.755651,7.1623855,3.882944,5.6226435,4.900809,5.8534603,4.429171,4.557484,5.1335497,4.7669168,4.459383,6.2918696,5.3990283,4.2976637,4.6275187,5.928045,4.8932624,2.5864902,4.290866,5.1493917,5.2917676,5.558024,5.595934,5.168797,5.237403,3.2623105,5.625153,4.0693946,4.906276,6.0948057,4.06349,4.610621,5.119512,3.632763,4.0271254,3.8844159,4.51331,5.6248574,3.8058326,4.6853104,5.751247,4.9218435,5.3125024,3.4893868
