Sample ID,dim_0,dim_1,dim_2,dim_3,dim_4,dim_5,dim_6,dim_7,dim_8,dim_9,dim_10,dim_11,dim_12,dim_13,dim_14,dim_15,dim_16,dim_17,dim_18,dim_19,dim_20,dim_21,dim_22,dim_23,dim_24,dim_25,dim_26,dim_27,dim_28,dim_29,dim_30,dim_31,dim_32,dim_33,dim_34,dim_35,dim_36,dim_37,dim_38,dim_39,dim_40,dim_41,dim_42,dim_43,dim_44,dim_45,dim_46,dim_47,dim_48,dim_49,dim_50,dim_51,dim_52,dim_53,dim_54,dim_55,dim_56,dim_57,dim_58,dim_59,dim_60,dim_61,dim_62,dim_63,dim_64,dim_65,dim_66,dim_67,dim_68,dim_69,dim_70,dim_71,dim_72,dim_73,dim_74,dim_75,dim_76,dim_77,dim_78,dim_79,dim_80,dim_81,dim_82,dim_83,dim_84,dim_85,dim_86,dim_87,dim_88,dim_89,dim_90,dim_91,dim_92,dim_93,dim_94,dim_95,dim_96,dim_97,dim_98,dim_99,dim_100,dim_101,dim_102,dim_103,dim_104,dim_105,dim_106,dim_107,dim_108,dim_109,dim_110,dim_111,dim_112,dim_113,dim_114,dim_115,dim_116,dim_117,dim_118,dim_119,dim_120,dim_121,dim_122,dim_123,dim_124,dim_125,dim_126,dim_127
TCGA-05-4384-01,5.531641,6.512347,6.517761,7.2842875,4.890098,3.8493946,6.546336,5.4409595,6.1701407,5.0872197,6.5371966,2.7686095,3.2135684,7.149224,4.4695144,6.516513,5.7416205,7.7102475,2.994062,3.3055387,6.2057185,4.609239,5.6993303,2.5045269,4.563538,5.007851,5.463813,6.0478177,5.9983253,5.9254727,7.007853,5.376729,4.0390635,3.311558,6.29573,4.631874,5.384044,5.473113,3.885206,6.2153525,6.0142674,6.3723474,5.986216,5.278177,4.600432,5.0609097,5.2124305,5.8722596,3.8031375,3.674914,5.7734704,3.4830928,4.9660435,6.729923,5.35015,4.88232,3.8267229,4.648984,3.6805675,4.7855744,4.5133066,4.101578,4.3654146,5.559709,6.6615796,4.2866154,4.9563026,5.5092034,5.3355446,3.8917513,4.834198,6.7129817,5.7267723,3.7456057,4.359843,6.0553994,3.5440714,4.337367,4.7468467,4.489604,6.6881204,4.3794284,4.9821343,3.612527,4.698805,4.367903,4.8896074,5.2120724,4.032443,4.7797832,6.200384,6.1680946,5.2749963,3.1915543,5.219933,6.0995293,4.6592474,6.1026587,6.3218336,4.6121874,6.1663017,4.5610394,4.2153416,3.9453268,5.071192,2.2714496,5.3666024,4.965959,5.2138233,5.9058805,4.1443634,4.6051335,4.8680687,4.5652037,3.0274103,4.8601866,5.5306706,4.5536394,7.4770937,7.0193486,5.317383,4.4767385,5.95526,5.8559628,4.3578687,3.9712138,3.0951478,5.0153923
TCGA-55-8097-01,5.3004594,6.504799,6.613885,7.320705,4.7523227,3.8806553,6.5355787,5.4404054,6.168467,5.3110194,6.6241493,2.6864629,3.0041685,7.0946174,4.4433174,6.504148,5.788137,7.678469,2.9746325,3.2880862,6.117482,4.62923,5.6022544,2.5068872,4.6072145,4.948995,5.479272,6.101263,6.0729823,5.6603546,7.1173134,5.3686385,4.013713,3.4119885,6.329222,4.579017,5.390245,5.5028667,3.9728036,6.354649,5.7681427,6.3777685,6.0770407,5.3786097,4.5575776,5.1487346,4.8117466,5.85166,3.9096084,3.8355327,5.948771,3.5394258,5.0121536,6.60622,5.438226,4.9897757,3.7455065,4.5875864,3.5980597,4.8756833,4.5389137,4.0423594,4.3511324,5.557459,6.6193457,4.207985,5.0492926,5.5090814,5.2256813,3.9896553,4.926993,6.5835667,5.7497935,3.954004,4.129835,6.163826,3.514218,4.2863574,4.7936053,4.5179586,6.69869,4.4838104,5.1444893,3.6695757,4.687567,4.405981,4.9980874,5.193965,4.118877,4.796647,6.1206656,6.1000333,5.3128166,3.064282,5.1333714,6.0055428,4.5955997,6.075867,6.3048706,4.571987,6.230628,4.5555487,4.233484,3.960047,5.082214,2.3484669,5.335774,4.9819098,5.240016,5.851106,4.204189,4.6286135,4.9081693,4.64893,3.0952504,4.9103384,5.5080433,4.726311,7.410279,6.936287,5.263098,4.5853963,5.9352174,5.8765407,4.3672748,4.2102304,3.0677648,5.0653796
TCGA-55-7911-01,4.457072,6.6181264,6.6567826,7.20774,4.5180254,3.9297535,6.5952406,5.4019995,6.1851373,5.6203885,6.712555,2.638249,2.5915663,6.968427,4.373659,6.5152664,5.862437,7.588028,2.8286905,3.3391585,5.981607,4.539892,5.3958483,2.5197368,4.681505,4.821128,5.5077586,6.1850643,6.2985735,5.2451787,7.2191577,5.3765707,3.9822903,3.6571658,6.369462,4.39132,5.4292507,5.5386467,4.161568,6.5896,5.376469,6.3357663,6.202374,5.502413,4.5053725,5.2821884,4.2953277,5.7866573,3.9882782,3.9571967,6.281671,3.6076586,4.971451,6.4359794,5.4754043,5.1442237,3.7250028,4.5079775,3.338656,5.0945415,4.680187,3.9193327,4.2740417,5.635917,6.5520897,4.2249155,5.174045,5.549489,5.027176,4.229095,5.0983925,6.430761,5.709425,4.2318835,3.8173773,6.293691,3.385254,4.2009487,4.7592998,4.7382236,6.6811347,4.82327,5.3901405,3.8055527,4.750929,4.5923266,5.2168036,5.1723137,4.2530885,4.7766075,6.0735865,6.0854206,5.2991905,2.8428495,4.984916,5.9261546,4.573478,6.0760894,6.292575,4.482695,6.344639,4.678368,4.3201213,3.933223,5.0043554,2.54427,5.257518,5.0417657,5.230733,5.777117,4.253185,4.655138,4.898134,4.7555842,3.2010608,5.0566792,5.477749,4.9912353,7.348653,6.838123,5.1904516,4.7411633,6.00198,5.888122,4.428233,4.534916,2.9974797,5.1343307
TCGA-93-A4JN-01,4.4364195,6.6560135,6.755804,7.023114,4.559992,3.9997492,6.5296493,5.332746,6.163995,5.6911926,6.6247935,2.7141147,2.7805183,6.964001,4.3326883,6.480999,5.8460627,7.5876045,2.835027,3.3046143,5.835059,4.5839853,5.338016,2.5023546,4.684985,4.719579,5.4754753,6.282645,6.295285,5.370951,7.246532,5.393587,4.114625,3.7340136,6.1984634,4.3329725,5.3794007,5.6332417,4.3239894,6.5691447,5.3572216,6.3237143,6.225883,5.47935,4.563615,5.161895,4.342275,5.7601867,4.141211,4.094722,6.3627734,3.5998588,4.819271,6.443937,5.405377,5.1738462,3.774708,4.453731,3.353771,5.11113,4.7759514,3.9312673,4.2021976,5.66168,6.5532417,4.279748,5.1166945,5.509458,5.0045776,4.304153,5.012672,6.2495203,5.5895896,4.1207113,3.890621,6.04622,3.488178,4.274124,4.6621366,4.742846,6.6546416,4.92833,5.4139876,3.9010384,4.766177,4.732196,5.2791862,5.1622763,4.312282,4.815292,6.0524783,6.0516524,5.181935,2.84053,4.93552,5.902065,4.523545,6.0873694,6.295873,4.4328675,6.2158904,4.7040944,4.321449,3.9568021,4.8892326,2.5507307,5.2616243,5.064305,5.108791,5.696063,4.289628,4.662163,4.8250985,4.814676,3.212114,5.0602727,5.4003286,5.0464587,7.2337627,6.842282,5.1304855,4.8475657,6.0036354,5.8299994,4.4245296,4.44363,3.0186758,5.132397
TCGA-17-Z052-01,4.934183,6.548492,6.4828315,7.866552,4.443399,3.9241686,6.683931,5.412952,6.223051,5.4585257,6.6470237,2.6153471,2.4388044,7.026744,4.4647202,6.506266,5.8215017,7.685941,2.8982565,3.2674456,6.144869,4.4793944,5.5684066,2.4981968,4.6272225,4.846414,5.4231057,6.048801,6.0795445,4.9407187,7.1305265,5.385599,3.845132,3.5171022,6.5588202,4.5063777,5.5100555,5.404076,3.9287164,6.42596,5.658609,6.4081035,6.2224355,5.5225058,4.5325274,5.2531066,4.4738994,5.8744597,3.8352044,4.003253,6.0979524,3.5375154,5.1122313,6.528429,5.4635425,5.0176916,3.6423373,4.7002754,3.4963856,5.0334163,4.095814,4.0589066,4.3281884,5.622718,6.648291,4.1886053,5.2308,5.5687084,5.0286827,4.0327587,5.079219,6.7844768,5.748981,4.332993,3.8921316,6.5130515,3.3540897,4.2798686,4.7790055,4.436392,6.715083,4.426556,5.3497396,3.6575625,4.628213,4.337562,5.0864263,5.188598,4.084442,4.7566366,6.1624417,6.185428,5.378969,3.0720239,5.090511,6.0184307,4.628602,6.060712,6.2476845,4.566689,6.334144,4.5478573,4.20695,3.8978798,5.047074,2.4386501,5.2500706,5.000813,5.3069477,5.8524976,4.15342,4.6274133,4.908501,4.706037,3.114732,4.9972615,5.4626355,4.8256717,7.4368544,6.9471097,5.2604704,4.584969,5.9752355,5.833794,4.3580413,4.3317723,3.001775,5.1003413
TCGA-50-8457-01,5.793984,6.37041,6.6902604,7.316151,4.8345537,3.9272156,6.4009123,5.3539653,6.1434946,5.247071,6.5085974,2.6750934,3.388511,7.221623,4.428901,6.4478297,5.730673,7.7784734,3.1121647,3.2033877,6.0004306,4.787589,5.773487,2.5420434,4.551394,4.968505,5.368134,6.101375,6.1289606,5.8652277,7.14529,5.271105,4.0930324,3.3203735,6.2431097,4.7099366,5.491831,5.583993,3.9908397,6.180139,5.9931073,6.415739,6.1119866,5.3808937,4.632018,4.951112,5.058847,5.8955836,4.04627,3.9070973,5.703956,3.5060258,4.9737988,6.6851954,5.423863,4.8477116,3.698633,4.598539,3.8310623,4.748381,4.3992515,4.098085,4.333515,5.5120115,6.6678185,4.1772966,4.8413754,5.4683466,5.2591953,3.8447382,4.710676,6.588713,5.7818713,3.835833,4.30182,5.9235425,3.6670754,4.378364,4.8546267,4.254674,6.7512393,4.2906103,5.0787125,3.5700343,4.627724,4.2804184,4.9399385,5.1615868,4.0243993,4.8417106,6.0900235,6.071018,5.2548156,3.2220004,5.1997786,5.999602,4.489005,6.0755982,6.3194094,4.6237955,6.2047067,4.4381943,4.136662,3.9454496,5.070644,2.2037506,5.429965,4.9400496,5.1466403,5.8305964,4.233157,4.648917,4.886883,4.657345,3.0576193,4.7962084,5.443878,4.613067,7.350484,7.025549,5.289589,4.5407095,5.8475566,5.8384695,4.319699,4.0096607,3.1660228,5.0058866
TCGA-69-7980-01,4.317708,6.651083,6.7693624,6.9802327,4.522964,4.0012746,6.5231457,5.3304186,6.165878,5.703116,6.639844,2.7064686,2.741425,6.9556494,4.32652,6.478891,5.8507576,7.5666766,2.8159192,3.3258805,5.816525,4.578298,5.309642,2.505934,4.689086,4.709444,5.498662,6.2920637,6.3633027,5.3393307,7.262783,5.3839164,4.086186,3.7505498,6.209564,4.3209343,5.428503,5.635828,4.3581505,6.609611,5.2994742,6.3184967,6.2491627,5.501127,4.5478826,5.1938157,4.270722,5.7519755,4.149374,4.0647306,6.3813353,3.6099248,4.8144875,6.4201264,5.4217057,5.183473,3.77174,4.4278393,3.3065317,5.148136,4.8127565,3.8907952,4.1982393,5.6624064,6.540285,4.2691307,5.1203294,5.524457,4.9728403,4.330444,5.0370674,6.2554994,5.5994043,4.1508503,3.8548295,6.065903,3.4462857,4.248326,4.6768317,4.7910147,6.6557918,4.98402,5.442494,3.9065366,4.791211,4.746976,5.3004837,5.1475425,4.3295007,4.798806,6.044515,6.0651503,5.1936183,2.8015165,4.9231415,5.8898897,4.523075,6.0993385,6.296558,4.4203157,6.27767,4.734749,4.333783,3.929048,4.8944135,2.5773544,5.258924,5.065373,5.120015,5.6766253,4.305879,4.674143,4.832453,4.8254933,3.2375238,5.0877542,5.422659,5.0799685,7.2356973,6.8327293,5.1274467,4.858729,6.0192976,5.8443594,4.437352,4.5028777,3.0056267,5.1352286
TCGA-75-5125-01,4.6794205,6.666902,6.742004,7.0402126,4.6485667,3.989396,6.492518,5.339684,6.1593957,5.576679,6.598065,2.7042253,2.9488072,7.018971,4.3477798,6.4877734,5.831369,7.605029,2.8798263,3.2919052,5.883753,4.612351,5.4056873,2.4946015,4.659221,4.761482,5.4546266,6.2453976,6.2485876,5.5122104,7.1994405,5.367985,4.137667,3.6746962,6.1581826,4.394691,5.3828335,5.6342854,4.2615004,6.49924,5.46356,6.34017,6.174474,5.4476476,4.583639,5.0928564,4.525453,5.7676497,4.0946255,4.042142,6.2276034,3.5995193,4.8178496,6.497926,5.3748126,5.104394,3.7916179,4.4700036,3.4414957,5.0274405,4.749733,3.9620447,4.208286,5.6055684,6.570898,4.2852716,5.0595345,5.4948235,5.076039,4.224191,4.950857,6.282839,5.6239486,4.013423,3.9847457,5.983414,3.5467763,4.2889185,4.659999,4.6955957,6.6474223,4.825918,5.340694,3.87225,4.750809,4.6599145,5.217485,5.1776342,4.2675323,4.8265944,6.0850263,6.051672,5.1621385,2.8925169,4.9938345,5.9186354,4.539238,6.0790524,6.3070726,4.462143,6.165014,4.682243,4.298051,3.9875898,4.9170756,2.4847996,5.3017807,5.034318,5.1081753,5.7555723,4.2666683,4.6525106,4.826126,4.787153,3.1686833,5.0140185,5.43448,4.9588785,7.2473454,6.865602,5.1465063,4.8035383,5.9865637,5.830746,4.4198146,4.3395376,3.0421946,5.1132927
TCGA-55-6983-01,5.4361277,6.4812984,6.5774646,7.359089,4.8122053,3.8600116,6.5386133,5.4590187,6.177974,5.231591,6.6075845,2.7092757,3.067659,7.1124997,4.458896,6.5037184,5.7774653,7.692732,2.9918022,3.2833045,6.152506,4.626887,5.641361,2.498371,4.5959864,4.9935155,5.4748425,6.078317,6.0254736,5.7629337,7.0834146,5.3742104,4.0116086,3.3568842,6.3341413,4.615363,5.372958,5.488832,3.9279885,6.2936835,5.8619285,6.3817515,6.0545974,5.348722,4.5785875,5.132709,4.932332,5.8726487,3.8692822,3.7892902,5.892147,3.527886,5.022477,6.653542,5.4202156,4.9628615,3.7661114,4.6144695,3.6342359,4.8399777,4.5155783,4.0773597,4.3680544,5.543259,6.628258,4.2166414,5.030905,5.5085144,5.280111,3.94536,4.8974795,6.636933,5.749237,3.8946278,4.2041254,6.1490393,3.529396,4.3061924,4.7907515,4.4800153,6.6984453,4.4106503,5.08393,3.6356301,4.680557,4.3760567,4.942766,5.2056546,4.09615,4.797032,6.1445427,6.119534,5.3190613,3.112697,5.167775,6.0317645,4.618635,6.0787735,6.306131,4.594504,6.207675,4.535485,4.2267303,3.9580538,5.097901,2.312349,5.3489122,4.9698377,5.2452507,5.863948,4.1821184,4.622683,4.9083676,4.6108537,3.0682023,4.879488,5.524146,4.661038,7.440721,6.9543257,5.2827387,4.542301,5.9355807,5.873865,4.3570905,4.129404,3.0754583,5.0522404
TCGA-05-4395-01,3.7699425,6.7389703,6.796093,6.872798,4.415833,4.0549703,6.551777,5.289396,6.1859307,5.8867736,6.6624155,2.6831155,2.5834782,6.8857117,4.272177,6.4849753,5.9052815,7.5135846,2.7368283,3.337774,5.7081256,4.5259886,5.192735,2.4886281,4.738963,4.6191535,5.4851623,6.3600283,6.4764924,5.1752644,7.308061,5.3817596,4.140014,3.9074793,6.171772,4.198445,5.3886337,5.6935196,4.4977236,6.706455,5.0917034,6.290244,6.3086596,5.5748377,4.546209,5.209987,4.046937,5.7152815,4.2073584,4.176408,6.5994287,3.6569397,4.7478375,6.344748,5.390315,5.2615075,3.8106105,4.393174,3.1718824,5.2609634,4.973933,3.8439305,4.127381,5.687968,6.5088477,4.2979646,5.1632233,5.5353284,4.880051,4.480665,5.0997477,6.1108594,5.530355,4.2408543,3.7136142,6.043457,3.4144511,4.227168,4.6096563,4.927433,6.628256,5.1742835,5.5694118,4.019706,4.8222837,4.8955717,5.420786,5.152401,4.428535,4.816356,6.0306015,6.054735,5.137035,2.6810756,4.831164,5.8388166,4.5070906,6.104066,6.2925816,4.3664227,6.280482,4.809396,4.3767815,3.9486375,4.8121123,2.6778061,5.2204027,5.0982175,5.080589,5.6435614,4.329438,4.694295,4.8023415,4.8969364,3.2874796,5.1540112,5.3921223,5.2294707,7.1745443,6.7705073,5.061345,4.9744,6.0601783,5.8227034,4.472195,4.633576,2.9747982,5.1754847
TCGA-75-7031-01,4.583776,6.6468306,6.7235756,7.074978,4.621924,3.98363,6.5328474,5.3654456,6.162295,5.6398435,6.639122,2.6890016,2.8134084,6.9852657,4.3469267,6.492863,5.840303,7.6025057,2.8507557,3.2993155,5.8843584,4.5988274,5.3830914,2.5121946,4.6782427,4.76957,5.4712343,6.251014,6.258613,5.4234734,7.222622,5.375795,4.100131,3.697452,6.2236376,4.3675084,5.366528,5.612763,4.263943,6.5405784,5.3998857,6.3332233,6.1953697,5.459357,4.5587277,5.162735,4.4134417,5.7693276,4.0945745,4.036859,6.2867455,3.5965755,4.8529997,6.4634876,5.4174023,5.1523447,3.774046,4.459703,3.3909116,5.0635257,4.74529,3.949779,4.221388,5.629919,6.550049,4.2760224,5.108407,5.5129433,5.04711,4.258518,5.003963,6.2854857,5.6235514,4.0840116,3.9066396,6.0765734,3.504746,4.261977,4.6833353,4.715625,6.65873,4.8668666,5.3591475,3.858424,4.7483788,4.674454,5.2295966,5.17118,4.2846637,4.8243036,6.062072,6.0389633,5.1960344,2.8570921,4.9721656,5.9119983,4.539996,6.071623,6.2938437,4.458836,6.194177,4.6802077,4.318379,3.9705203,4.920946,2.5191674,5.2831297,5.050016,5.1351643,5.7379684,4.2660403,4.6528726,4.847824,4.782826,3.1880589,5.0360565,5.4247437,4.992386,7.266236,6.8488317,5.158431,4.8009963,5.9863973,5.850956,4.4239635,4.4099126,3.0287306,5.126313
TCGA-91-6840-01,4.2831664,6.6068487,6.759542,7.0197043,4.5138607,3.9890852,6.539094,5.3697314,6.182056,5.7148046,6.672425,2.7025003,2.6627188,6.936198,4.3451495,6.490894,5.850785,7.56072,2.7957113,3.3375914,5.827372,4.556282,5.303881,2.4990575,4.7006016,4.7418547,5.514229,6.2832437,6.3278766,5.3224816,7.268197,5.400553,4.061938,3.7318647,6.258832,4.3165555,5.389611,5.605087,4.3419585,6.6052823,5.2804055,6.312098,6.243701,5.5018644,4.530538,5.245986,4.21743,5.761487,4.13709,4.0439057,6.405618,3.6106381,4.850662,6.4211926,5.4454308,5.2080555,3.7742524,4.431892,3.2711906,5.1504354,4.800813,3.8982182,4.227301,5.6570992,6.5367355,4.244862,5.1561613,5.532922,4.9840336,4.333028,5.06604,6.2909336,5.5959206,4.177697,3.8363414,6.1384664,3.4148586,4.2396097,4.688661,4.7996435,6.6461,4.981838,5.431197,3.8877146,4.7853465,4.7537346,5.2746625,5.1493697,4.3518705,4.793839,6.0322633,6.0742283,5.2413664,2.8014572,4.920189,5.8918233,4.527271,6.099627,6.285152,4.4306145,6.296821,4.7165666,4.34632,3.9199705,4.9218283,2.5900648,5.243579,5.0664196,5.1417146,5.6629004,4.3009243,4.6703076,4.8533435,4.8059006,3.241474,5.092811,5.4307737,5.077416,7.261868,6.819681,5.138819,4.8443294,6.0207486,5.8611994,4.432599,4.534633,2.9989574,5.137796
TCGA-NJ-A4YQ-01,4.414957,6.6389155,6.772692,6.9899554,4.555377,4.0009007,6.511527,5.333922,6.1671166,5.6846557,6.623227,2.7094364,2.7885327,6.968784,4.336102,6.47897,5.8421783,7.578262,2.8322911,3.3111238,5.8218684,4.584858,5.332099,2.4921582,4.6813645,4.719597,5.48423,6.2862964,6.3330083,5.3718815,7.2502775,5.386039,4.1180215,3.7330754,6.194029,4.337044,5.402716,5.6348286,4.342124,6.5711246,5.340722,6.3259115,6.2268066,5.488586,4.561776,5.1631355,4.3324866,5.7591558,4.155213,4.079099,6.359589,3.6038651,4.811039,6.4451895,5.4079447,5.1701627,3.78184,4.4388275,3.343814,5.114593,4.791171,3.9215636,4.2026386,5.6475883,6.552845,4.2677,5.104928,5.5164814,5.0017715,4.306175,5.005791,6.255085,5.5885944,4.110763,3.8926127,6.035387,3.479832,4.2693396,4.668009,4.761573,6.647898,4.940368,5.4158006,3.8998444,4.774657,4.738774,5.27619,5.154661,4.3250394,4.810121,6.049088,6.0629034,5.189389,2.8332062,4.9378204,5.89576,4.5209966,6.0966263,6.293759,4.4314423,6.2387137,4.712275,4.3181834,3.948278,4.8942175,2.55098,5.2661514,5.0572577,5.1087666,5.693453,4.295382,4.666725,4.8266807,4.8164926,3.2198358,5.0663247,5.416076,5.0511246,7.2337756,6.842376,5.128766,4.849053,6.0077515,5.834203,4.427437,4.455333,3.0173788,5.1265364
TCGA-05-4425-01,5.444978,6.5412016,6.5823917,7.3606615,4.8283944,3.8769217,6.523388,5.4462404,6.1618924,5.1945095,6.5820775,2.7418356,3.1105063,7.1133375,4.462073,6.4953976,5.765026,7.690026,2.9862926,3.2762618,6.151024,4.6364655,5.6247945,2.5072823,4.590506,4.9610257,5.4781146,6.091952,5.994259,5.7861547,7.0787406,5.3946724,4.01465,3.3681755,6.2852387,4.6025743,5.380147,5.505551,3.9421268,6.2939444,5.872262,6.3822846,6.038535,5.3166337,4.593948,5.1016097,4.9723396,5.8637605,3.8871207,3.799358,5.8567915,3.5108976,4.982987,6.660507,5.4062934,4.9711747,3.7574768,4.60398,3.6405392,4.840129,4.4792523,4.094593,4.3513865,5.558255,6.635611,4.2515273,5.0235486,5.489506,5.2714667,3.9512866,4.8891683,6.616407,5.7280655,3.8404474,4.2414956,6.1167374,3.5652747,4.320101,4.761793,4.4875584,6.686937,4.438839,5.0777287,3.655585,4.6843605,4.3953505,4.944235,5.2090297,4.0852084,4.793381,6.1481023,6.1027327,5.283888,3.1230507,5.161202,6.040998,4.620911,6.0764065,6.3051524,4.58071,6.151203,4.5514483,4.236808,3.9451993,5.0684524,2.3137593,5.346232,4.980068,5.229936,5.8356347,4.1809077,4.6175666,4.888138,4.621531,3.0648394,4.8851495,5.510509,4.6620235,7.4156275,6.9615955,5.270428,4.565723,5.9394984,5.859986,4.3575473,4.0810328,3.0749073,5.051774
TCGA-62-8399-01,5.1936297,6.5619125,6.5874076,7.4059443,4.6944647,3.881909,6.5671673,5.415535,6.1674595,5.292708,6.6075826,2.7268996,2.9294434,7.0730295,4.4428916,6.4874043,5.797139,7.6667542,2.9567325,3.2903128,6.127999,4.595685,5.563187,2.5053196,4.6079516,4.909968,5.492431,6.109438,6.074315,5.5587325,7.1150017,5.4019213,3.969579,3.4321005,6.3306127,4.5607963,5.4440937,5.5030417,3.9813542,6.3884006,5.7665544,6.3770323,6.1114225,5.3800893,4.5718856,5.162122,4.781385,5.853038,3.900934,3.8645446,5.9766912,3.530751,5.001223,6.5923753,5.4244537,5.008904,3.724541,4.6094604,3.5636897,4.940529,4.464694,4.0381336,4.337273,5.5951505,6.6236053,4.2368855,5.0821157,5.5112734,5.1852574,4.0149975,4.96083,6.6135345,5.7325835,3.992658,4.120943,6.1986322,3.4861288,4.292766,4.7735963,4.530661,6.702789,4.515093,5.195098,3.6932228,4.700068,4.4209013,5.030915,5.197646,4.1092615,4.7667484,6.139713,6.122449,5.3033237,3.0614831,5.11072,6.021452,4.6179714,6.0833383,6.307717,4.551284,6.2451515,4.5877323,4.244384,3.9217267,5.054986,2.377551,5.3076715,4.9977717,5.2494802,5.8212514,4.202433,4.631239,4.8863645,4.6645765,3.106191,4.9364257,5.50213,4.7581367,7.402797,6.9388356,5.2452073,4.6089754,5.965875,5.8537335,4.367148,4.2100587,3.0409694,5.0765924
TCGA-17-Z049-01,4.146936,6.6705017,6.723665,7.071682,4.443022,3.9989939,6.5559354,5.324998,6.194188,5.6798344,6.6549706,2.6705635,2.6543689,6.9457927,4.330736,6.481599,5.8764997,7.553914,2.8064685,3.3305862,5.8526273,4.535783,5.3100114,2.497635,4.70058,4.704009,5.497317,6.2715406,6.369774,5.250629,7.257464,5.379463,4.034085,3.733402,6.2488327,4.320409,5.452808,5.6308255,4.328804,6.6136503,5.300565,6.3182755,6.2752094,5.5491133,4.5442166,5.2175493,4.2399216,5.768661,4.095873,4.081515,6.384785,3.6246521,4.846562,6.419204,5.41394,5.163466,3.7658527,4.471956,3.2726612,5.1821113,4.7901382,3.8890796,4.2012496,5.65076,6.549841,4.256439,5.142041,5.53073,4.955791,4.324603,5.0748725,6.3309555,5.6163573,4.2015142,3.8309884,6.1343465,3.3976798,4.2408795,4.6862082,4.8022366,6.660157,4.9463196,5.475747,3.9056828,4.7916384,4.733091,5.2932324,5.1601753,4.324618,4.791732,6.0641546,6.1015553,5.2108064,2.8041475,4.9177704,5.891807,4.538197,6.11019,6.293081,4.4259515,6.3384194,4.742469,4.3288026,3.9141572,4.907795,2.5896542,5.2433505,5.0580864,5.161536,5.6770225,4.3025885,4.690723,4.8426995,4.830909,3.243986,5.0902014,5.447818,5.092825,7.2554574,6.8200197,5.1175866,4.857713,6.036589,5.8347254,4.436887,4.533588,2.986765,5.144552
TCGA-78-7153-01,5.146734,6.5692296,6.571849,7.469377,4.680204,3.8874495,6.5760703,5.439146,6.1772285,5.2957683,6.633458,2.7273133,2.881161,7.0555882,4.4495425,6.493243,5.802075,7.6588936,2.9350204,3.2967317,6.132838,4.581713,5.546798,2.507461,4.6174793,4.918106,5.4975824,6.1039147,6.0567956,5.5325775,7.119041,5.411858,3.9366894,3.4378123,6.36409,4.5502596,5.4369483,5.483106,3.975611,6.4000907,5.727278,6.3749037,6.118662,5.3827653,4.5624304,5.199016,4.723361,5.855954,3.8842251,3.8447962,5.9799585,3.535,5.0243526,6.5804315,5.4403358,5.0341177,3.7184875,4.607379,3.533196,4.956797,4.4313564,4.0398717,4.3422894,5.5931163,6.6153164,4.2297597,5.115423,5.5171323,5.169823,4.027432,4.998922,6.6290283,5.7342596,4.0254817,4.0917406,6.261986,3.4618216,4.2787786,4.7679663,4.5404296,6.69735,4.5202646,5.204748,3.6889944,4.698419,4.4162827,5.0276165,5.199611,4.1177993,4.7592154,6.140741,6.122502,5.321007,3.0474055,5.103973,6.019193,4.6284194,6.0762067,6.299703,4.551124,6.254665,4.5870404,4.2638535,3.9090033,5.065491,2.3976164,5.2982545,5.004368,5.265764,5.8043876,4.1979036,4.6310315,4.899615,4.661862,3.1117764,4.952197,5.511523,4.7687244,7.413513,6.924848,5.248257,4.609475,5.9749627,5.865746,4.370726,4.2315907,3.0281587,5.0878425
TCGA-67-6217-01,4.772677,6.6133027,6.677124,7.241024,4.6144943,3.961535,6.539781,5.386705,6.163037,5.5176625,6.646202,2.7074928,2.8024514,7.00467,4.385787,6.4903965,5.8285885,7.6159635,2.86734,3.302215,5.951994,4.595807,5.4296155,2.515864,4.6584005,4.8115597,5.480073,6.1998687,6.223574,5.396441,7.1994214,5.3884997,4.0229483,3.6223176,6.2853227,4.4282284,5.4277663,5.5677905,4.173843,6.506359,5.4882803,6.3487163,6.1753163,5.437212,4.554072,5.1851635,4.4641256,5.7972784,4.0367246,3.9689653,6.1757555,3.5739582,4.920465,6.487777,5.437848,5.119164,3.7344985,4.5068736,3.4274344,5.043548,4.5961733,3.9752018,4.2608414,5.6259828,6.5729775,4.251378,5.1146812,5.5178914,5.0590696,4.184882,5.0205383,6.4164486,5.6743255,4.0974355,3.9443133,6.170475,3.4760268,4.2548547,4.7194057,4.654684,6.671927,4.7463484,5.3271604,3.796419,4.730514,4.565325,5.1698227,5.1771846,4.223322,4.7844205,6.0826845,6.0651307,5.2484674,2.9144492,5.0084467,5.9456153,4.566163,6.071373,6.2961407,4.4881706,6.2352734,4.6533685,4.307491,3.9258473,4.97258,2.4917493,5.2820864,5.0391655,5.183797,5.7487564,4.2468557,4.647907,4.8678536,4.750613,3.1727557,5.0223656,5.4545608,4.9322944,7.3114204,6.8726187,5.1871023,4.7431903,5.987292,5.8603406,4.4087796,4.367895,3.0229921,5.1166925
TCGA-86-7954-01,5.7252507,6.5788627,6.6229725,7.364557,4.9410315,3.8909857,6.465223,5.459578,6.1174936,5.0867133,6.527083,2.7673476,3.3239393,7.164473,4.4884677,6.4907007,5.711196,7.7116785,3.0462823,3.2631829,6.2308674,4.69472,5.653692,2.497712,4.5481815,4.943796,5.5027795,6.0934763,5.8393044,5.9968147,7.0333915,5.4004235,4.026774,3.3070254,6.198194,4.648558,5.3274474,5.492664,3.9133754,6.2583704,5.964592,6.4047956,5.9706426,5.237706,4.5924544,5.0334296,5.1848145,5.8474164,3.8782198,3.7342489,5.7321258,3.474908,4.944644,6.7012014,5.3873415,4.9303665,3.771599,4.5674024,3.7348611,4.7576466,4.446173,4.103451,4.361009,5.5107956,6.654253,4.258845,5.008508,5.4649024,5.318415,3.889682,4.829492,6.6081977,5.7186437,3.6648552,4.369305,6.0242424,3.6364179,4.3477883,4.729198,4.4618187,6.674632,4.367437,4.989892,3.6602986,4.6773663,4.359502,4.8900304,5.1966643,4.046764,4.800514,6.1673937,6.0880175,5.2434897,3.1678464,5.211248,6.0609174,4.6354027,6.074246,6.3076987,4.5754685,6.038484,4.547038,4.206879,3.9709861,5.0694723,2.2511551,5.3802733,4.967719,5.220988,5.851081,4.177986,4.5960407,4.877285,4.613112,3.033997,4.8694453,5.5395226,4.5906134,7.3982296,7.0043707,5.2825394,4.5444274,5.9184294,5.859713,4.344172,3.959005,3.093677,5.0296464
TCGA-78-7148-01,5.2058907,6.5431657,6.578851,7.4307027,4.714835,3.8815618,6.570621,5.4508224,6.178414,5.3013725,6.635965,2.7197237,2.893828,7.060799,4.4530606,6.506277,5.7988715,7.6592445,2.933426,3.3002386,6.125192,4.584296,5.5599303,2.5041022,4.6230216,4.937553,5.4907346,6.1022468,6.043449,5.569065,7.110762,5.406801,3.9666953,3.4332156,6.355614,4.547731,5.4035583,5.4876328,3.9760551,6.376049,5.7356405,6.3677454,6.0978184,5.3731685,4.559053,5.1879888,4.747913,5.8504443,3.8842664,3.8442101,5.985412,3.5391555,5.012394,6.5964413,5.430432,5.0239983,3.7416143,4.6042986,3.5348155,4.927324,4.464812,4.0455117,4.349491,5.580412,6.6130753,4.2287083,5.1015434,5.513088,5.202053,4.021385,4.977759,6.616204,5.7325063,3.9896772,4.104085,6.2360606,3.4725304,4.2829294,4.766912,4.540613,6.6856112,4.5163717,5.175089,3.685033,4.696162,4.4224086,5.0084968,5.2054067,4.1307635,4.772994,6.1342845,6.117066,5.3229713,3.0526137,5.1125216,6.019924,4.623519,6.074124,6.2998734,4.560004,6.2340465,4.5788593,4.2655463,3.9299178,5.0708566,2.3888745,5.3029213,4.996233,5.253138,5.8234096,4.1922507,4.6250844,4.901959,4.6481657,3.1007342,4.939465,5.5120807,4.7496243,7.416543,6.9231253,5.254258,4.6014714,5.966024,5.8721495,4.3715982,4.2170157,3.0407398,5.080816
TCGA-49-AARR-01,5.316814,6.3530173,6.587929,7.2734437,4.8443794,3.8774755,6.5596495,5.485999,6.171227,5.3702025,6.6756377,2.6512232,2.990393,7.1090007,4.428812,6.5231147,5.782847,7.7118864,2.9773507,3.3077734,6.124275,4.6690235,5.667806,2.5682912,4.6372695,5.0499177,5.4558983,6.093217,6.047905,5.818491,7.1297283,5.3053417,3.9631777,3.3788218,6.421351,4.5968294,5.3504286,5.478506,3.9889872,6.3254833,5.775604,6.349775,6.148999,5.3852744,4.5138392,5.201132,4.779848,5.854723,3.8992355,3.7361653,5.9727497,3.5521176,5.0575657,6.5947924,5.476804,4.9636917,3.777501,4.5599194,3.5769691,4.8622656,4.652819,3.9977033,4.386322,5.530545,6.5644784,4.178506,4.9908476,5.5330048,5.260513,3.9705002,4.9258814,6.639082,5.800266,3.979847,4.0914297,6.2018666,3.4560204,4.253831,4.8639793,4.438094,6.737003,4.4711156,5.095847,3.5761492,4.686649,4.367346,4.964786,5.1711807,4.1278024,4.813484,6.0852003,6.0883384,5.361445,3.0465589,5.159353,6.0029435,4.578379,6.0538263,6.309619,4.6044083,6.298685,4.5172186,4.2632303,3.9503186,5.130087,2.3515506,5.3616385,4.9693723,5.2499404,5.8564844,4.2095017,4.637085,4.965365,4.6053615,3.0916548,4.899002,5.5237265,4.6805325,7.45587,6.939624,5.332491,4.515099,5.9092684,5.944149,4.3716755,4.2173886,3.0948884,5.0634184
TCGA-62-A470-01,4.6251097,6.6609735,6.692548,7.17976,4.6084676,3.9857469,6.5421505,5.3630924,6.1719475,5.5996776,6.625332,2.7152545,2.8205647,6.983482,4.3595743,6.490115,5.839886,7.6094093,2.8491051,3.289529,5.8974915,4.5759773,5.39142,2.4991043,4.6711144,4.767754,5.4517164,6.231448,6.231073,5.384037,7.2032514,5.3963776,4.0922446,3.6886644,6.241222,4.3769336,5.376189,5.593794,4.230994,6.5122237,5.442696,6.341376,6.18906,5.45158,4.577974,5.150564,4.447389,5.7827406,4.0716596,4.052145,6.262847,3.588651,4.8665347,6.480824,5.3985953,5.1469817,3.7680066,4.4980493,3.4109702,5.0638466,4.6581006,3.9857347,4.219692,5.6383944,6.5679255,4.2857933,5.1230383,5.5108886,5.046221,4.2404175,5.0088506,6.3259726,5.617538,4.102314,3.9282677,6.097296,3.504561,4.2808933,4.658959,4.6823893,6.654018,4.8051343,5.364313,3.8539765,4.7333727,4.642961,5.2209797,5.183888,4.262218,4.811081,6.0892377,6.057295,5.1964836,2.894795,4.9800014,5.931095,4.5587397,6.067697,6.291614,4.466364,6.1817527,4.66834,4.3132977,3.9652677,4.917249,2.5128043,5.273388,5.051873,5.134458,5.7470655,4.2460604,4.645452,4.83578,4.7774596,3.1718407,5.0323353,5.417119,4.972736,7.2727633,6.859413,5.1572514,4.791464,5.9976425,5.8321953,4.4152203,4.3660684,3.021715,5.1279554
TCGA-55-7573-01,4.6852937,6.603011,6.6629186,7.2472196,4.5710473,3.942715,6.5669656,5.387817,6.169024,5.5303006,6.6657753,2.6738625,2.7431712,7.0037904,4.383463,6.4958982,5.837056,7.6149693,2.87309,3.3177185,5.991377,4.5838885,5.4400687,2.5219204,4.6575894,4.821361,5.4999604,6.1868424,6.239359,5.358114,7.2043514,5.3752866,3.9916513,3.60253,6.3239384,4.4355664,5.439421,5.5505095,4.1482816,6.533937,5.481047,6.347385,6.1851044,5.4640975,4.528328,5.225066,4.4447227,5.802195,4.0033946,3.9373786,6.1820445,3.5766363,4.9553638,6.474139,5.458985,5.1062036,3.7257116,4.5175424,3.412477,5.054841,4.6173964,3.9437804,4.2785344,5.625573,6.5739903,4.229347,5.128489,5.5323167,5.051021,4.177389,5.0438056,6.4519553,5.6977844,4.133988,3.9188385,6.2191143,3.43116,4.2333655,4.755479,4.678525,6.6907573,4.7572274,5.334684,3.783721,4.7383327,4.558365,5.1713657,5.1690035,4.2139416,4.7786503,6.08035,6.0834527,5.2768826,2.9021459,5.010418,5.9451003,4.567829,6.083253,6.299,4.492508,6.301638,4.657278,4.295215,3.919622,4.9966784,2.495152,5.2792473,5.036336,5.2173443,5.7617717,4.2547007,4.656098,4.8857307,4.747311,3.1852381,5.025558,5.471202,4.9369516,7.339069,6.8724995,5.197951,4.7224813,5.9867287,5.871598,4.4096174,4.4277387,3.0172052,5.11597
TCGA-MP-A4SV-01,4.254316,6.6843233,6.7861724,6.87151,4.5667257,4.0022006,6.526304,5.331482,6.1716027,5.7782717,6.652356,2.6805637,2.7566094,6.9459114,4.302695,6.499865,5.8755665,7.5581365,2.8074977,3.3197446,5.791071,4.5704885,5.296557,2.484009,4.7030773,4.7197475,5.472801,6.303465,6.380427,5.355903,7.257405,5.370897,4.1817617,3.8069248,6.166646,4.292966,5.3431225,5.658287,4.3750467,6.616209,5.250779,6.311404,6.2196198,5.507061,4.5559893,5.163856,4.2664285,5.73333,4.156949,4.102972,6.4555063,3.6417098,4.7948427,6.412113,5.3923063,5.201875,3.8149843,4.4172325,3.3090873,5.1251435,4.9397964,3.8985455,4.1763005,5.641518,6.528023,4.2840576,5.116881,5.5214295,5.005629,4.3643947,5.0219793,6.146734,5.5798907,4.139659,3.8233519,6.004097,3.4961047,4.246148,4.641736,4.8301497,6.6339436,5.0201116,5.44713,3.951664,4.7836366,4.794677,5.3307953,5.168451,4.371145,4.8333864,6.046596,6.0349607,5.1610336,2.7633085,4.911363,5.867371,4.518821,6.082655,6.3050294,4.4187765,6.2077003,4.73621,4.340836,4.0063934,4.8779097,2.5813062,5.264446,5.0667596,5.087822,5.7352095,4.2953362,4.6628475,4.821225,4.8315177,3.224658,5.078302,5.4084888,5.0977845,7.2184296,6.803832,5.1077957,4.8847823,6.0135646,5.8408084,4.451141,4.52345,3.014912,5.147129
TCGA-44-7670-01,3.840852,6.898381,6.921255,6.480365,4.65904,4.1516714,6.5378447,5.226883,6.0673804,6.1812263,6.6317945,2.785701,2.7621953,6.84329,4.155934,6.4852843,5.9129815,7.5309277,2.6922379,3.3058898,5.4710712,4.6540136,5.089897,2.5500813,4.7689996,4.5395207,5.428877,6.519247,6.5481853,5.337332,7.360628,5.360968,4.3780622,4.2021084,5.9429927,4.054027,5.243468,5.822105,4.7414293,6.8254647,4.8850036,6.2505455,6.2756863,5.4470077,4.5672417,5.084902,3.980159,5.60345,4.417554,4.2541165,6.772226,3.6426644,4.560385,6.227786,5.349094,5.4178615,3.8800316,4.22057,3.189525,5.276974,5.300562,3.789939,4.002619,5.772604,6.4229403,4.4492955,5.1011305,5.51572,4.8400564,4.6769032,5.049296,5.610921,5.4050555,4.1330757,3.6018777,5.765316,3.6109776,4.2062826,4.4793077,5.0304418,6.6139812,5.5482235,5.581054,4.162012,4.8250237,5.070047,5.606377,5.146324,4.5010934,4.873291,5.961058,5.8379216,4.9299674,2.5005126,4.7312703,5.7890825,4.4514556,6.0297375,6.337254,4.288205,5.968499,4.878973,4.4675846,4.050195,4.6167717,2.7471125,5.2402625,5.1946135,4.887748,5.666658,4.34251,4.650728,4.7154217,4.9667053,3.303089,5.206992,5.234085,5.346586,7.0192213,6.744842,5.022174,5.114935,6.0332456,5.824466,4.525874,4.599074,3.0182655,5.2161927
TCGA-17-Z000-01,4.4827437,6.6103,6.6491756,7.2685328,4.5103936,3.9568713,6.5925536,5.386537,6.1926756,5.5833545,6.6775327,2.673935,2.6335428,6.966091,4.3769374,6.4943357,5.855994,7.5982494,2.8359559,3.3185792,5.959075,4.54285,5.3971915,2.508964,4.679987,4.7972026,5.4957037,6.2032223,6.2625747,5.269259,7.219338,5.388934,3.9777963,3.6397922,6.348961,4.3940687,5.429273,5.5530605,4.185621,6.551071,5.424254,6.33797,6.2215137,5.4971137,4.5335546,5.2520404,4.3467784,5.806512,4.0128827,3.9888527,6.2654123,3.5872192,4.9514585,6.4575562,5.4521666,5.142628,3.7348893,4.5261464,3.350084,5.1108065,4.635033,3.9465241,4.2652173,5.640476,6.56713,4.23222,5.163477,5.541712,5.0158257,4.2273164,5.080512,6.4537344,5.6635714,4.198668,3.8719323,6.2590547,3.396816,4.236417,4.7321186,4.707886,6.6808763,4.793986,5.3837137,3.8079898,4.74153,4.610308,5.1984324,5.173812,4.2521734,4.777978,6.07904,6.10029,5.279781,2.879717,4.9766607,5.935751,4.5701194,6.0887094,6.286942,4.479856,6.3245935,4.669697,4.311949,3.9078927,4.9725947,2.5350637,5.252591,5.0486197,5.217313,5.728262,4.25623,4.6649685,4.879179,4.762043,3.2029781,5.049086,5.458769,4.987083,7.331593,6.851051,5.178545,4.75415,6.0090456,5.8590994,4.4128613,4.467321,2.9981215,5.131014
TCGA-17-Z062-01,2.9845011,6.9020143,6.926944,6.5075817,4.111859,4.112846,6.4445095,5.1323814,6.2105503,5.941182,6.6140084,2.567735,2.6114752,6.8980203,4.19485,6.439442,5.945906,7.400251,2.7312808,3.3791258,5.6304326,4.5058656,5.049934,2.4793265,4.754341,4.3809357,5.5380154,6.4415455,6.7681103,5.046192,7.3796844,5.313547,4.1235065,3.9814858,6.003984,4.1163435,5.6171536,5.8425503,4.709136,6.8671336,4.889811,6.2777586,6.469453,5.7795625,4.540578,5.155722,3.8621802,5.659703,4.284148,4.331541,6.6947675,3.7500148,4.572462,6.2803426,5.3426824,5.1831713,3.8102875,4.3082333,3.0203242,5.4177313,5.2045,3.681206,4.012539,5.669879,6.5001426,4.2907777,5.0780535,5.510166,4.7165923,4.592851,5.106614,6.0589876,5.5467453,4.2887907,3.6609032,5.8528996,3.3428507,4.2117724,4.612715,5.128833,6.625321,5.388285,5.8015285,4.1872754,4.965297,5.073023,5.5905404,5.101544,4.513104,4.825205,6.0271006,6.1347857,5.0317044,2.5507424,4.7562366,5.7385726,4.447941,6.191371,6.295143,4.25787,6.499304,4.99086,4.3518715,3.9173727,4.7565207,2.756631,5.225784,5.06066,5.072549,5.541721,4.464227,4.797628,4.770857,5.0606055,3.3941658,5.229549,5.4723725,5.442328,7.0465903,6.721254,4.9340277,5.1590633,6.121328,5.777858,4.5210247,4.838367,2.9301684,5.1835446
TCGA-17-Z041-01,4.486461,6.6103487,6.649369,7.268331,4.511731,3.9567513,6.591865,5.3869395,6.1925797,5.5823603,6.677146,2.6739693,2.6358562,6.9665923,4.37724,6.494277,5.855495,7.598503,2.8365133,3.3182697,5.9595413,4.543329,5.397657,2.5088682,4.679641,4.797413,5.4957633,6.2030473,6.261301,5.2715793,7.218964,5.389018,3.9780724,3.6389883,6.348378,4.3946037,5.4286766,5.5529323,4.1850934,6.550256,5.425313,6.338256,6.2208014,5.4965124,4.5338235,5.251456,4.3487673,5.8066177,4.0127773,3.9885762,6.2639303,3.587021,4.9512753,6.458257,5.4521656,5.1423655,3.7349606,4.525883,3.3511517,5.1097107,4.634718,3.9471598,4.2653418,5.6399875,6.567292,4.232293,5.1632867,5.541389,5.01667,4.226567,5.0797744,6.4537206,5.663519,4.197191,3.8732011,6.2582383,3.3978128,4.2368402,4.731948,4.7073097,6.680704,4.793092,5.3826313,3.8077223,4.7413545,4.60999,5.197589,5.173813,4.2518854,4.7783594,6.079186,6.10006,5.2795568,2.8804038,4.9772844,5.935852,4.5701914,6.088601,6.286726,4.4800186,6.3235235,4.6692576,4.311664,3.9082851,4.9727974,2.534256,5.253056,5.048353,5.2172313,5.7283,4.2560563,4.6647916,4.8792405,4.7617493,3.2025168,5.0485764,5.4589396,4.986165,7.331604,6.8513117,5.1787176,4.753803,6.0086846,5.8591013,4.4126787,4.466065,2.9983702,5.130766
TCGA-17-Z013-01,4.4860487,6.6100574,6.6493125,7.2673855,4.5121098,3.956642,6.592004,5.386946,6.1925874,5.5821733,6.6770616,2.6740942,2.636268,6.966643,4.3771615,6.4943447,5.8554897,7.59847,2.8364701,3.3184965,5.959538,4.5432525,5.397741,2.508731,4.679551,4.797702,5.495905,6.203088,6.2617493,5.272391,7.2188044,5.3888817,3.9783406,3.6389623,6.348309,4.394654,5.4285583,5.5528903,4.1852236,6.550221,5.4254446,6.338176,6.220595,5.4963965,4.5337815,5.251484,4.349443,5.8066015,4.012668,3.9877198,6.264072,3.5869794,4.951172,6.458339,5.45201,5.1422443,3.7354274,4.5257998,3.351067,5.1097054,4.635686,3.9469068,4.265393,5.639902,6.567269,4.2323456,5.16309,5.541643,5.0168962,4.226629,5.07961,6.4536996,5.6633363,4.1966915,3.8734665,6.2578053,3.3976264,4.2367268,4.7319236,4.7078147,6.680693,4.7933774,5.382282,3.807666,4.7415285,4.6101875,5.1974964,5.173745,4.251965,4.7782645,6.079291,6.100316,5.2795606,2.880298,4.9773784,5.9359655,4.570339,6.0888,6.2868657,4.480066,6.3237047,4.669466,4.3116345,3.9082463,4.972765,2.5342124,5.253147,5.0483665,5.217171,5.728546,4.2559977,4.6647797,4.8791595,4.761547,3.2025483,5.04861,5.459141,4.985962,7.331878,6.8514357,5.17886,4.7535324,6.0088215,5.8591704,4.412755,4.466035,2.9984004,5.1306515
TCGA-55-7724-01,4.7644615,6.5549803,6.67509,7.1856155,4.6312137,3.928788,6.5572643,5.4148116,6.173494,5.534167,6.6682057,2.6947668,2.7793117,7.0016775,4.3932405,6.5034184,5.828139,7.6236796,2.8762686,3.3143435,5.97814,4.5883265,5.4518332,2.506873,4.658805,4.8620024,5.495834,6.1881247,6.202341,5.461693,7.1978197,5.3886,4.032439,3.583928,6.319194,4.44429,5.3733745,5.54238,4.1426835,6.492524,5.508315,6.342674,6.152813,5.4353433,4.53599,5.221212,4.478798,5.808768,4.0143824,3.9280386,6.1900687,3.5723586,4.9587035,6.4991245,5.4552383,5.1198096,3.7506502,4.5176864,3.4289455,5.0181513,4.6791778,3.970721,4.2971325,5.6158175,6.5740485,4.221557,5.123765,5.528516,5.0999503,4.1686535,5.018456,6.4249945,5.678,4.0982485,3.9522896,6.1918516,3.4542027,4.2497983,4.7468796,4.6635,6.678339,4.740454,5.2908053,3.773108,4.726672,4.5717273,5.1416163,5.1763744,4.231993,4.789354,6.0718856,6.07597,5.2908025,2.921533,5.0189753,5.950617,4.5644846,6.0796094,6.298284,4.506136,6.2645755,4.62763,4.2982903,3.9398565,5.0068007,2.478718,5.281448,5.035404,5.1987853,5.7642975,4.246187,4.6436677,4.8864484,4.7208233,3.1704245,5.0051684,5.4604783,4.907133,7.347761,6.8717527,5.2072983,4.7080145,5.9768176,5.8757553,4.400554,4.3953524,3.0307374,5.1092434
TCGA-67-6215-01,4.896636,6.558221,6.6525707,7.222251,4.6516,3.9173844,6.5418744,5.4046693,6.1784673,5.4607024,6.6451674,2.6593735,2.8673859,7.044962,4.3983574,6.500006,5.8224363,7.636117,2.9166276,3.3022788,6.024216,4.600853,5.5042696,2.5114722,4.644397,4.872716,5.4810705,6.15786,6.1921268,5.501603,7.1695895,5.3597684,4.021236,3.5304058,6.3099504,4.487987,5.4099145,5.5497694,4.0960655,6.450008,5.591252,6.3565373,6.1555924,5.4476714,4.549236,5.177236,4.5939198,5.8195877,3.9719527,3.9247792,6.1106777,3.579266,4.958072,6.5354824,5.4371643,5.0487676,3.7505436,4.539477,3.482474,4.978535,4.6278806,3.9843018,4.297435,5.58386,6.5848227,4.2234445,5.077945,5.518675,5.135342,4.1081376,4.977726,6.4897313,5.7174234,4.053899,4.005906,6.159734,3.476892,4.2634306,4.767621,4.611658,6.6890774,4.6416745,5.2641644,3.7459302,4.72372,4.517704,5.1066914,5.1812196,4.1954436,4.804224,6.096345,6.09232,5.278836,2.9624343,5.0613623,5.9579167,4.5719366,6.080638,6.2992644,4.5236034,6.271979,4.6175466,4.2691913,3.9545887,5.028032,2.4330182,5.3099127,5.0034266,5.215031,5.801988,4.238297,4.650806,4.893742,4.710956,3.1453876,4.9701176,5.4909506,4.8567824,7.3584485,6.890001,5.2168937,4.6771264,5.9642854,5.8709917,4.3958993,4.3397136,3.0424967,5.0946836
TCGA-64-5815-01,5.30965,6.5644135,6.592909,7.3764954,4.7661753,3.8896613,6.542011,5.4248223,6.1595874,5.2693706,6.597159,2.7251272,3.0129654,7.0922074,4.4464526,6.495892,5.7862415,7.681933,2.9707131,3.2740693,6.1244364,4.625257,5.596455,2.5100725,4.604419,4.9300494,5.4682355,6.1049676,6.0324626,5.653859,7.1027875,5.3935146,4.0184298,3.4209938,6.295582,4.572496,5.394471,5.5175986,3.9664955,6.339756,5.805235,6.378843,6.06631,5.3478074,4.5848913,5.1145444,4.8612676,5.85216,3.9096575,3.8608544,5.926045,3.5246065,4.9863057,6.6204185,5.411616,4.9946938,3.736781,4.6064687,3.6116326,4.8786955,4.4772863,4.074968,4.335667,5.5774703,6.6296444,4.248447,5.0485425,5.4924574,5.226658,3.9888253,4.918822,6.577232,5.729558,3.9162369,4.1666994,6.145704,3.5486662,4.3078,4.761644,4.501988,6.691226,4.4805613,5.1411657,3.6841316,4.680904,4.40967,4.9967594,5.2097855,4.099349,4.791789,6.136212,6.09024,5.2799125,3.0882294,5.1289225,6.0236654,4.607528,6.069242,6.3079605,4.566694,6.1672025,4.5619965,4.241952,3.951083,5.052045,2.3458555,5.3276067,4.992006,5.226621,5.8367763,4.1902294,4.6206417,4.883522,4.6510406,3.081595,4.905714,5.4886055,4.717447,7.3939705,6.944094,5.2513666,4.60012,5.9426312,5.853547,4.363814,4.146226,3.0657978,5.0679502
TCGA-55-1594-01,4.600972,6.6701155,6.7089467,7.1013536,4.6211624,3.967151,6.5371366,5.3714023,6.1673493,5.594481,6.6459637,2.6811147,2.8282442,6.9893937,4.3509274,6.493332,5.84905,7.5970054,2.8636377,3.2989836,5.927318,4.591575,5.3844786,2.5045862,4.6747594,4.776026,5.481283,6.2359138,6.241757,5.429685,7.209501,5.3817754,4.087266,3.6751814,6.2209578,4.383457,5.3728256,5.6078105,4.226641,6.5457892,5.41675,6.339676,6.186622,5.462596,4.560626,5.1673865,4.4416265,5.774411,4.0580816,4.0272536,6.2682076,3.6060357,4.870905,6.469192,5.4154305,5.142062,3.769431,4.4735665,3.4015827,5.0579762,4.745274,3.9564896,4.2267437,5.6188293,6.552379,4.2726464,5.1176157,5.5085363,5.062903,4.242555,5.0141935,6.305972,5.64206,4.082582,3.9177058,6.0867214,3.508545,4.258463,4.6865897,4.7122025,6.661689,4.8253036,5.3585286,3.8627887,4.7507825,4.656694,5.221368,5.1809535,4.2757196,4.824061,6.078908,6.044667,5.199949,2.8601913,4.9819736,5.913143,4.556235,6.070636,6.2971053,4.4605656,6.194519,4.6825266,4.313772,3.982971,4.9403887,2.5096734,5.285328,5.0424137,5.1592507,5.75348,4.262776,4.654339,4.854967,4.778885,3.1812317,5.027401,5.4450197,4.9838862,7.2763968,6.8411794,5.1535897,4.796322,5.9897194,5.850295,4.423644,4.406709,3.020033,5.131082
TCGA-55-7995-01,4.410991,6.5837817,6.733646,7.083403,4.5432973,3.9630919,6.5615287,5.3922744,6.172618,5.690331,6.6942854,2.6937826,2.6411614,6.946231,4.356021,6.4999332,5.8481574,7.5754895,2.80656,3.344429,5.8700767,4.5652905,5.337299,2.5187182,4.696394,4.789398,5.522061,6.2575293,6.3027716,5.327602,7.2588305,5.3949227,4.0248632,3.702138,6.3015676,4.3446207,5.400361,5.579057,4.2890596,6.6049204,5.311724,6.3138704,6.2324324,5.484046,4.512038,5.274914,4.2349586,5.7667212,4.098222,3.991431,6.3608065,3.6033137,4.895567,6.420062,5.4707685,5.198184,3.7562242,4.442627,3.2887747,5.130771,4.762817,3.891773,4.255883,5.6526957,6.53155,4.2355857,5.1640105,5.5407047,5.008121,4.299326,5.076577,6.331498,5.6361804,4.1871057,3.8272214,6.1957035,3.3999038,4.219565,4.7260585,4.7718787,6.6630983,4.950608,5.401093,3.8458076,4.7752185,4.6961074,5.2486687,5.1503925,4.321596,4.7840643,6.030854,6.066196,5.273812,2.8088455,4.9412494,5.90656,4.5384,6.0880218,6.2919793,4.449728,6.3129454,4.6983085,4.348096,3.9141693,4.956785,2.5772462,5.2486334,5.0631824,5.1704116,5.690378,4.2883086,4.6610117,4.875787,4.778668,3.230484,5.082177,5.44309,5.041503,7.2967663,6.827806,5.1689935,4.8004537,6.0081954,5.8849907,4.429952,4.5354586,3.0032113,5.135659
TCGA-62-A471-01,5.434425,6.661671,6.453416,7.9376254,4.5640855,3.9176776,6.608358,5.3366194,6.1288724,5.0745077,6.603031,2.776635,2.7785697,7.1030293,4.4672146,6.4537563,5.8478193,7.6728387,2.969625,3.2635252,6.2018757,4.6239567,5.623412,2.580837,4.6262636,4.889731,5.4341307,6.0430055,6.056599,5.2835026,7.0822444,5.3802366,3.746549,3.3907542,6.3899536,4.642798,5.745511,5.548224,3.8863857,6.3802204,5.9034314,6.3806376,6.220049,5.3717127,4.596662,5.1081123,4.7385244,5.8755636,3.7861722,3.8996704,5.8075075,3.512759,5.05188,6.5778337,5.3799033,4.9017015,3.5926504,4.755026,3.5768144,5.0216546,4.043912,4.028675,4.327409,5.615423,6.6312137,4.2575717,5.01957,5.484571,5.093556,3.9175444,5.023935,6.8292527,5.898576,4.0780663,4.0963836,6.3857064,3.4084845,4.261292,4.830923,4.363193,6.7593045,4.321121,5.281335,3.633554,4.668409,4.1442513,5.0138426,5.2549486,3.9490654,4.6617365,6.1865916,6.1256566,5.297387,3.1021936,5.1199093,6.0744815,4.660996,6.046248,6.3642426,4.5738926,6.3349323,4.6182904,4.2850776,3.7836895,5.0751452,2.3885143,5.280578,4.9860115,5.329336,5.837796,4.1887035,4.660289,4.8878202,4.6783295,3.094731,4.933077,5.543869,4.742042,7.3784385,6.9559827,5.2351456,4.6086016,5.9991746,5.837932,4.3681407,4.088309,3.0168104,5.1015763
TCGA-49-AAR9-01,3.5559342,6.8444114,7.0968127,6.220421,4.3051977,4.148278,6.312532,5.1542525,6.1309443,5.997079,6.557504,2.6918654,2.8537548,6.9205422,4.2216086,6.4246254,5.8499465,7.4348636,2.7575438,3.3378463,5.517988,4.6327477,5.039772,2.482331,4.7177644,4.356718,5.541695,6.506216,6.669111,5.28039,7.413808,5.3634787,4.3016176,4.007105,5.8467274,4.116955,5.4868264,5.851153,4.798036,6.8275895,4.8967032,6.288875,6.3538146,5.623302,4.559835,5.04862,3.936094,5.622276,4.4993243,4.3661747,6.660811,3.6799216,4.47584,6.3021994,5.3717566,5.261055,3.796768,4.190594,3.138923,5.292233,5.2538543,3.7494094,4.0168324,5.705425,6.5128374,4.305281,5.0034547,5.4553685,4.75756,4.588866,4.99083,5.8462844,5.460777,4.125605,3.7749436,5.651407,3.5415277,4.267304,4.5670743,5.088553,6.5779095,5.508374,5.7070384,4.204728,4.92987,5.1522946,5.582694,5.0746856,4.5384927,4.8446,5.9421372,6.0098023,4.996031,2.5889955,4.7562785,5.7285933,4.372637,6.159495,6.2821493,4.2423024,6.2605567,4.9309278,4.353938,3.9590755,4.7146235,2.7107346,5.248924,5.0836587,4.9479856,5.49954,4.4827504,4.7439737,4.7339463,5.064968,3.3771203,5.2156453,5.3606715,5.415969,6.9478908,6.75565,4.933774,5.202263,6.053294,5.7814956,4.498604,4.7173862,2.9915693,5.150071
TCGA-17-Z060-01,3.9632976,6.5013123,6.6214714,7.4075675,4.3896246,3.9879885,6.702066,5.5139737,6.2590275,5.766783,6.8308334,2.7056673,2.1909883,6.7947483,4.3695245,6.5068197,5.9100623,7.5545034,2.7037687,3.363028,5.901203,4.4538794,5.2422075,2.4588594,4.7468395,4.848267,5.5837064,6.268931,6.287852,5.0333734,7.3059373,5.4453707,3.8744545,3.709048,6.53767,4.293306,5.2639885,5.453983,4.2819624,6.675771,5.1329975,6.3024187,6.287056,5.5365024,4.470001,5.528866,3.936527,5.8427625,4.0225196,3.8578713,6.5379376,3.5919783,5.08957,6.340303,5.5616336,5.3946905,3.7681997,4.482747,3.1111107,5.290474,4.7620378,3.895159,4.311501,5.666077,6.5044827,4.139564,5.3944044,5.6382036,4.898495,4.4191146,5.304243,6.430471,5.5351048,4.4259896,3.6797178,6.5680223,3.2125616,4.156538,4.7021723,4.8920426,6.671768,4.982563,5.447479,3.829803,4.7398586,4.7797294,5.2342663,5.1548953,4.4137917,4.7440166,6.026561,6.1241264,5.408752,2.727381,4.858614,5.8925986,4.5958705,6.1056128,6.253983,4.455392,6.4634514,4.669148,4.4049473,3.8334959,4.9782023,2.6845145,5.170621,5.137553,5.290691,5.570866,4.275289,4.680328,4.9317,4.749507,3.3085647,5.161414,5.4580035,5.147053,7.3989124,6.7544622,5.177382,4.7860208,6.07557,5.9117584,4.422099,4.729483,2.921517,5.198371
TCGA-95-A4VK-01,4.940462,6.5502677,6.637336,7.3014374,4.653634,3.9102216,6.5510907,5.429543,6.187243,5.4310975,6.657508,2.6700213,2.8457463,7.0401483,4.4171267,6.5093446,5.821514,7.6365256,2.913967,3.3073387,6.054105,4.585538,5.5121737,2.493018,4.6385355,4.8972683,5.488647,6.13948,6.146633,5.5020857,7.155753,5.3752694,4.0116453,3.5063577,6.3336377,4.502434,5.381708,5.5179143,4.057735,6.4354463,5.6059875,6.360415,6.125089,5.433072,4.5431404,5.197865,4.6084957,5.8305836,3.9397156,3.8853552,6.0897408,3.5721328,4.9936423,6.5460677,5.4406753,5.055029,3.7546005,4.559823,3.4876256,4.963721,4.5911946,3.998461,4.318318,5.5711174,6.597411,4.2054157,5.107873,5.5241966,5.148719,4.090266,4.994427,6.51869,5.7148023,4.0533524,4.019877,6.205602,3.4642224,4.260499,4.7596703,4.615214,6.67979,4.608453,5.241438,3.7364593,4.7115035,4.4951935,5.077782,5.189475,4.1890607,4.7920613,6.107715,6.104805,5.305303,2.9776206,5.070505,5.969737,4.5882134,6.0817623,6.2986655,4.536,6.2677703,4.602655,4.2676477,3.954098,5.04961,2.426375,5.3031416,5.0055375,5.230835,5.8117,4.2252913,4.642274,4.900607,4.6939263,3.1384768,4.9683175,5.502351,4.834429,7.382071,6.890277,5.2241783,4.656661,5.9688816,5.8744273,4.38952,4.3339825,3.0373697,5.0949683
TCGA-17-Z001-01,4.0099497,6.574471,6.507038,7.5337954,4.373836,3.9749134,6.7519674,5.402572,6.270247,5.68586,6.7062163,2.695558,2.3201618,6.8585043,4.3731995,6.4964905,5.9200673,7.573256,2.7324884,3.3197548,5.929273,4.384742,5.3205605,2.445798,4.736699,4.7773957,5.4607353,6.208842,6.306703,4.960903,7.202546,5.4303775,3.9328804,3.7349737,6.5109944,4.3037643,5.376729,5.5063124,4.2136846,6.5634446,5.3533845,6.325361,6.322776,5.5841956,4.552943,5.3561153,4.189164,5.8417597,3.9483995,4.0647306,6.5377016,3.6052265,4.9952917,6.428306,5.4075637,5.2236643,3.7967498,4.6158876,3.1919677,5.278614,4.5740952,3.979972,4.243891,5.685046,6.545538,4.243561,5.3010664,5.6175222,4.9357686,4.340257,5.200092,6.538147,5.569289,4.385954,3.7148733,6.4212584,3.2470076,4.2410607,4.6624064,4.734399,6.673538,4.7776823,5.492423,3.8270779,4.729673,4.653068,5.2396755,5.200144,4.3238273,4.7565536,6.132209,6.199199,5.3175573,2.843549,4.918879,5.952876,4.643995,6.0996804,6.2530994,4.470437,6.3788023,4.6987324,4.341907,3.871413,4.9084787,2.633816,5.171594,5.075976,5.2483406,5.728147,4.201354,4.6753845,4.8623385,4.757924,3.2227805,5.113022,5.4491825,5.0676756,7.380052,6.82011,5.163354,4.763931,6.092711,5.82034,4.417443,4.5185733,2.927492,5.171372
TCGA-99-7458-01,4.166264,6.668482,6.709712,6.9250484,4.478935,3.905296,6.6083927,5.3802886,6.1764283,5.795674,6.7603564,2.5383937,2.5309393,6.9613853,4.3137302,6.551681,5.904712,7.537866,2.8005857,3.3955052,5.965784,4.5115027,5.334342,2.511217,4.6937146,4.8053813,5.5332875,6.1987805,6.4982214,5.155393,7.2268,5.307765,4.0376697,3.7791982,6.3575673,4.3353357,5.449109,5.549998,4.227935,6.7368317,5.1957192,6.320896,6.2272873,5.578114,4.4493823,5.3185134,4.1543837,5.715439,3.9654853,3.9239907,6.4422846,3.6871161,4.938962,6.348926,5.474025,5.149537,3.769028,4.4310727,3.2570145,5.1393113,4.9489627,3.780361,4.235543,5.6109734,6.4969096,4.2250857,5.182387,5.5957413,5.001463,4.319183,5.131,6.304222,5.7581615,4.3271084,3.6523848,6.257549,3.3297625,4.1184907,4.773243,4.9030833,6.6776533,5.004352,5.4817104,3.8789685,4.810721,4.6470995,5.349851,5.1513247,4.317791,4.7846284,6.076221,6.0881515,5.2802744,2.6799614,4.967309,5.8714833,4.580226,6.0744476,6.3188133,4.447434,6.446562,4.770977,4.3318152,4.0127964,5.0113063,2.6032465,5.270748,5.030742,5.224979,5.9005704,4.2721744,4.6557193,4.9048905,4.7920284,3.2303765,5.115441,5.5303984,5.0847316,7.3460903,6.797658,5.177291,4.770077,6.0228634,5.9305754,4.486913,4.751012,2.9810317,5.15206
TCGA-78-7156-01,5.095244,6.5237074,6.5793657,7.386931,4.702584,3.879441,6.583004,5.453993,6.18902,5.3470187,6.653393,2.7057416,2.8502102,7.0490527,4.440439,6.5126224,5.810239,7.651658,2.918131,3.3139334,6.107839,4.573541,5.5509214,2.5028071,4.632089,4.9494147,5.4953194,6.108914,6.0826216,5.565316,7.1217465,5.3934484,3.9706626,3.4492526,6.372291,4.533895,5.3886137,5.4872847,3.997684,6.392212,5.7001247,6.357867,6.110298,5.3921065,4.548743,5.212827,4.704255,5.8494735,3.8837264,3.8235712,6.033329,3.5498886,5.019663,6.582323,5.4367113,5.0347037,3.7583396,4.596053,3.5028596,4.94533,4.5260587,4.022495,4.3492713,5.5799103,6.602411,4.219963,5.105737,5.528509,5.1941776,4.045287,4.9909225,6.604575,5.727821,4.0176144,4.0736375,6.24624,3.4471788,4.267036,4.773697,4.574518,6.687527,4.5538363,5.183454,3.6867595,4.706359,4.4486856,5.0218296,5.200503,4.1521626,4.7740874,6.1269703,6.1251216,5.3326645,3.0240922,5.101543,6.010592,4.6199446,6.0813065,6.3021355,4.5596085,6.266074,4.5876503,4.2733693,3.9287853,5.0723906,2.4055874,5.3014264,5.000512,5.252998,5.8222494,4.1982193,4.631636,4.9076777,4.647194,3.1144426,4.9489145,5.516367,4.767746,7.4276156,6.9124303,5.2566304,4.600993,5.9728804,5.8817863,4.3796678,4.263825,3.038349,5.0841475
TCGA-78-7537-01,5.463984,6.483306,6.581363,7.384447,4.809549,3.8596542,6.537897,5.4611707,6.177492,5.2309675,6.606192,2.7074718,3.0685627,7.1132355,4.461093,6.5023923,5.77391,7.6944346,2.9957793,3.2836866,6.1599936,4.6266885,5.640127,2.4963665,4.5911007,4.9897547,5.4818635,6.07829,6.011791,5.74771,7.0841146,5.3786674,4.0040836,3.3508964,6.335215,4.6171823,5.3696394,5.481682,3.9232874,6.2965627,5.860979,6.384808,6.0511312,5.3474965,4.5756226,5.1400156,4.9356403,5.874359,3.865889,3.7847364,5.8863926,3.5240042,5.02816,6.6527066,5.426101,4.965682,3.7622988,4.613314,3.638635,4.839084,4.4875183,4.074002,4.3710117,5.5420303,6.632578,4.212341,5.0454473,5.5084095,5.276511,3.9428318,4.9016356,6.6409473,5.7459993,3.8936908,4.208501,6.1568465,3.5264335,4.3066745,4.789919,4.48499,6.699359,4.406357,5.0805635,3.6360781,4.680623,4.377497,4.939933,5.2020187,4.092588,4.796611,6.1455293,6.1216054,5.322064,3.1153631,5.1686196,6.033008,4.6196465,6.081608,6.303594,4.5930586,6.2105837,4.5338135,4.221475,3.9567528,5.099857,2.309838,5.3488526,4.9719653,5.2489905,5.8583694,4.18331,4.6220827,4.9096117,4.612421,3.0696757,4.880842,5.5265307,4.659618,7.444204,6.957051,5.2836637,4.539838,5.9343195,5.8729143,4.354444,4.1340604,3.0735114,5.051874
TCGA-L9-A743-01,3.8297884,6.7088323,6.8328233,6.7903666,4.425463,4.0493608,6.528125,5.310072,6.1721377,5.911865,6.6733084,2.693691,2.5857902,6.878462,4.2765636,6.4766974,5.88023,7.5095162,2.7306485,3.3461127,5.6934104,4.5484133,5.166056,2.5054502,4.7355056,4.60749,5.520183,6.3767467,6.4936275,5.1958914,7.3323226,5.3912697,4.122347,3.9089026,6.1814013,4.189345,5.4009433,5.678902,4.526761,6.740072,5.0476327,6.291452,6.3170643,5.5621176,4.5285487,5.2457075,3.991604,5.7060122,4.2479744,4.1557593,6.6047935,3.6457856,4.739964,6.3278265,5.4365096,5.2957516,3.791854,4.3382077,3.1543274,5.267592,4.9850936,3.8279266,4.1363463,5.710237,6.491249,4.288934,5.1715617,5.539433,4.861322,4.4994693,5.109383,6.099087,5.528051,4.25409,3.6970568,6.054335,3.4092329,4.215939,4.6309767,4.9422708,6.6325336,5.232123,5.5684834,4.0100965,4.8388224,4.9213176,5.4315434,5.125133,4.4451594,4.8130527,6.000908,6.03963,5.156072,2.6599047,4.827208,5.826916,4.4946394,6.1051135,6.276799,4.3514385,6.2963977,4.814013,4.38645,3.930368,4.8189983,2.690229,5.223578,5.102383,5.0824933,5.6061234,4.348165,4.693758,4.8164372,4.8983607,3.3065407,5.1742864,5.389824,5.250005,7.1696277,6.7710857,5.072215,4.9784327,6.0527973,5.845683,4.474564,4.6698656,2.9718723,5.1708074
TCGA-44-7671-01,4.5282526,6.5948954,6.6946764,7.1069293,4.57106,3.9490166,6.554143,5.380968,6.1870217,5.588513,6.6589375,2.673126,2.7522228,6.988366,4.365014,6.4967136,5.844867,7.5936556,2.8533247,3.3279457,5.9343047,4.5658355,5.4025593,2.5023987,4.672162,4.8079333,5.5038466,6.2198696,6.275846,5.4014406,7.215621,5.375336,4.038185,3.6296368,6.2843213,4.3994327,5.397908,5.5782666,4.21713,6.5353885,5.434767,6.3307614,6.199774,5.4842052,4.5389457,5.218413,4.415431,5.7935033,4.0356956,3.9687989,6.2642727,3.5972524,4.9071884,6.477478,5.4350314,5.123207,3.7739124,4.492865,3.3665838,5.075898,4.7452903,3.9282458,4.260351,5.618684,6.563258,4.2381983,5.1204867,5.5317044,5.0590363,4.2254314,5.0289607,6.3983717,5.652771,4.116749,3.9220579,6.1491275,3.4309635,4.2458167,4.727173,4.7370486,6.6703815,4.826526,5.348296,3.8220375,4.7636867,4.6481724,5.193132,5.16636,4.2732263,4.7967973,6.0725145,6.0963483,5.2573175,2.874014,4.988084,5.9273458,4.556278,6.100083,6.296389,4.476305,6.306606,4.679268,4.3059306,3.9350674,4.9727964,2.514784,5.276027,5.0373116,5.1850557,5.7383265,4.270336,4.666089,4.8715534,4.758334,3.1983976,5.033111,5.47027,4.969622,7.320911,6.8536334,5.176049,4.7579346,6.00101,5.863131,4.4175906,4.453862,3.0162072,5.117143
TCGA-62-A46R-01,4.4533806,6.6759143,6.7227097,7.089027,4.576079,3.9913962,6.5487757,5.356112,6.171141,5.675718,6.6555576,2.6903417,2.7417786,6.9646783,4.338379,6.504459,5.863244,7.5824976,2.8242357,3.313922,5.8720884,4.567165,5.3527484,2.496302,4.689105,4.756334,5.4656954,6.2519574,6.286009,5.345006,7.223549,5.3811646,4.106655,3.7393608,6.2292814,4.3413053,5.3676567,5.61043,4.279145,6.570984,5.342399,6.324657,6.2014747,5.4784975,4.5505285,5.1766634,4.338561,5.7576175,4.0826335,4.0495706,6.3462973,3.6152337,4.8562245,6.4397,5.4013305,5.166246,3.784664,4.4709315,3.3519998,5.094626,4.764124,3.9306939,4.209682,5.633506,6.54874,4.273839,5.133414,5.520654,5.0216136,4.290582,5.0380692,6.266164,5.6208663,4.136955,3.8610065,6.101461,3.474315,4.2467017,4.6599126,4.756029,6.646344,4.89592,5.403026,3.8925486,4.754972,4.689155,5.266122,5.180255,4.3029094,4.8102694,6.072558,6.0501475,5.195898,2.8250313,4.9504285,5.9057527,4.5484447,6.071656,6.3030624,4.4495025,6.2105703,4.703049,4.3318367,3.979119,4.9156075,2.5516877,5.264088,5.0590057,5.130262,5.753166,4.2655935,4.652442,4.8397584,4.7986574,3.197439,5.0603595,5.427288,5.027333,7.260852,6.830385,5.1408615,4.824161,6.0078545,5.8471084,4.43521,4.454752,3.0140169,5.1410775
TCGA-78-7152-01,4.927469,6.5600705,6.6017995,7.3175163,4.660405,3.89815,6.5819783,5.429535,6.1870255,5.4012923,6.649395,2.709589,2.8187852,7.0284805,4.42133,6.50718,5.8189936,7.6334276,2.893539,3.3203526,6.064052,4.5618305,5.5028477,2.5056753,4.6431904,4.9021783,5.499578,6.1391068,6.127624,5.517399,7.14306,5.3999577,3.9797268,3.5028753,6.3460917,4.489623,5.403263,5.5114284,4.057082,6.434977,5.630722,6.3487225,6.13608,5.4117045,4.5487895,5.215301,4.6280804,5.8320265,3.919411,3.8666968,6.095253,3.5592875,4.981628,6.5539713,5.4307027,5.06147,3.7591228,4.573275,3.457788,4.9910817,4.5765905,3.998927,4.321524,5.602776,6.593673,4.238167,5.1149087,5.527131,5.1524687,4.0987144,5.0081353,6.554814,5.7035336,4.0437236,4.035807,6.22488,3.4378283,4.2641454,4.752749,4.620646,6.6812353,4.6379414,5.233931,3.7285986,4.726086,4.5067377,5.0728555,5.193023,4.179648,4.7740307,6.1183367,6.1212974,5.3071756,2.9866664,5.0674996,5.995555,4.6095786,6.0868692,6.30065,4.532354,6.2741075,4.6212373,4.287199,3.9219959,5.037783,2.44224,5.28756,5.0145373,5.234246,5.791745,4.214297,4.6390123,4.8916078,4.6789737,3.136146,4.9777646,5.5008883,4.8239985,7.3979363,6.8989954,5.2327952,4.647141,5.9874334,5.871764,4.3905516,4.304599,3.027092,5.0947895
TCGA-44-A47B-01,4.1605306,6.6806965,6.8368635,6.757955,4.548358,4.0219283,6.4955945,5.3057065,6.1647043,5.8038044,6.6263137,2.6858501,2.8161662,6.9499035,4.2902923,6.486762,5.8633523,7.5473604,2.8101165,3.3276002,5.7447724,4.586063,5.271422,2.4838536,4.7017245,4.6764636,5.490122,6.3418117,6.4027596,5.4154863,7.27798,5.36643,4.1974106,3.8153415,6.114919,4.272934,5.351882,5.690069,4.447721,6.628848,5.223108,6.303926,6.238884,5.518988,4.553691,5.148677,4.2585406,5.7208366,4.209415,4.120496,6.474017,3.6393118,4.7394505,6.4081907,5.3857107,5.1985025,3.8311741,4.380395,3.287124,5.143872,5.0115423,3.86387,4.1612506,5.6439433,6.5277734,4.284422,5.0959907,5.514568,4.985092,4.39099,4.9993086,6.1080713,5.549709,4.096023,3.842507,5.926798,3.4917214,4.2571473,4.6352043,4.8684373,6.6305394,5.0905986,5.457705,3.978624,4.8112617,4.8517275,5.347825,5.145998,4.3960114,4.83973,6.0283136,6.0430465,5.137057,2.7486458,4.8943143,5.8543057,4.4944115,6.1066966,6.3034186,4.3952556,6.225503,4.7627707,4.3345594,3.990278,4.8515677,2.5898995,5.2676225,5.068277,5.062393,5.6879225,4.3272066,4.6780505,4.8079996,4.8570604,3.2478228,5.0915017,5.407079,5.126268,7.188112,6.8084874,5.091851,4.9174185,6.016642,5.8322463,4.452533,4.5352902,3.0182421,5.1388597
TCGA-67-3772-01,4.66376,6.6028004,6.670106,7.2309084,4.590548,3.9268918,6.564156,5.41263,6.1818,5.536515,6.684696,2.667743,2.7216277,6.994085,4.3893127,6.507996,5.8475566,7.600826,2.8656986,3.3232093,5.9967484,4.5676804,5.4255233,2.5031273,4.669625,4.84717,5.5070305,6.1858654,6.208916,5.3901944,7.1972675,5.388052,4.0062923,3.5968463,6.3179817,4.4310303,5.395257,5.54999,4.1428456,6.5262213,5.4625487,6.340636,6.1732454,5.462699,4.528756,5.238175,4.4238663,5.7998505,3.986972,3.944131,6.212536,3.5971828,4.9579806,6.483495,5.450989,5.1198254,3.7461054,4.518635,3.390982,5.0446534,4.6598277,3.9499025,4.288726,5.601439,6.565414,4.2212305,5.147122,5.5266275,5.086728,4.1846957,5.0474854,6.433008,5.6953745,4.122437,3.9183643,6.2236567,3.4341183,4.2344313,4.745544,4.6928883,6.6719866,4.7511873,5.3279214,3.797429,4.7403097,4.57734,5.1595063,5.1835523,4.2464123,4.7884855,6.0809216,6.082939,5.2890854,2.8909755,5.009519,5.938783,4.575226,6.078902,6.2994423,4.4951677,6.2863493,4.6529408,4.3081837,3.9446552,5.014886,2.4985464,5.2737327,5.0293193,5.219958,5.768407,4.251024,4.65138,4.89296,4.735578,3.1775706,5.01846,5.4877367,4.9361787,7.3437138,6.8493037,5.1898932,4.729949,5.9899044,5.878181,4.4112396,4.438317,3.0138094,5.1220827
TCGA-86-8358-01,3.816027,6.922306,6.989865,6.3410926,4.621334,4.1576185,6.490615,5.197097,6.046654,6.1936116,6.6327825,2.7773883,2.7861044,6.8613753,4.1475387,6.490193,5.913871,7.503234,2.697419,3.3310895,5.456855,4.6726847,5.067337,2.5459461,4.76044,4.5106854,5.449616,6.528688,6.6143265,5.325607,7.373279,5.3400197,4.3990564,4.222253,5.880984,4.0556464,5.2943263,5.84226,4.781452,6.8793993,4.831691,6.2456484,6.271522,5.4581966,4.5432014,5.0610337,3.9358003,5.569016,4.442245,4.242146,6.7667046,3.662179,4.528358,6.2008114,5.344355,5.395488,3.8744407,4.1855874,3.1772556,5.279171,5.387251,3.7278254,3.9931972,5.756013,6.423403,4.4306073,5.059707,5.5081544,4.8197823,4.683826,5.0428863,5.567098,5.43775,4.1387377,3.5909986,5.7142057,3.6092303,4.180643,4.4890265,5.090184,6.602536,5.632828,5.620307,4.2017183,4.8531947,5.0806847,5.6517663,5.133862,4.512723,4.851449,5.949154,5.8356533,4.922717,2.4554675,4.7235293,5.767405,4.4319506,6.038465,6.3607492,4.269286,6.0089064,4.9189835,4.4675937,4.0588074,4.6325383,2.7598011,5.245622,5.185596,4.874837,5.685267,4.376387,4.6557746,4.7102056,4.9989653,3.3227808,5.230263,5.2570195,5.381787,6.984876,6.7377105,5.000619,5.149579,6.038364,5.836216,4.5421686,4.6610227,3.020202,5.213439
TCGA-93-7347-01,5.240181,6.521751,6.621746,7.275574,4.752828,3.884098,6.527614,5.4313884,6.1712484,5.3254385,6.6247005,2.6765065,3.0146928,7.095184,4.4308825,6.5033975,5.7977524,7.671185,2.9731712,3.2881458,6.100974,4.6309395,5.593599,2.5065813,4.6121044,4.945954,5.474988,6.1089096,6.099512,5.664783,7.1213284,5.357279,4.025361,3.425979,6.309578,4.5733466,5.3935623,5.521294,3.9908133,6.3627214,5.7507606,6.3742537,6.0872903,5.38955,4.5640836,5.1375256,4.8014073,5.8467846,3.9143672,3.8468463,5.961071,3.5535488,4.9979744,6.601318,5.42897,4.988796,3.7534592,4.5792594,3.5903575,4.8828344,4.5799575,4.032819,4.3382263,5.548863,6.6120405,4.214883,5.036733,5.506875,5.226453,4.002236,4.9218574,6.5600905,5.7508473,3.954162,4.1232796,6.139911,3.5235794,4.28388,4.788697,4.5342774,6.6963835,4.5043025,5.157921,3.6838222,4.694907,4.4218698,5.0134053,5.196627,4.131284,4.803255,6.121205,6.095788,5.297127,3.0467246,5.1273494,5.9947486,4.5917397,6.0751762,6.310077,4.5672226,6.2334642,4.5658765,4.2391148,3.9689603,5.0765204,2.3530138,5.340962,4.980135,5.2327585,5.8544955,4.210147,4.634049,4.904678,4.657075,3.098234,4.9100614,5.512681,4.7403455,7.399534,6.9260316,5.252815,4.6006365,5.9386497,5.8755317,4.3741684,4.2238646,3.068191,5.0696073
TCGA-49-4514-01,4.9746966,6.624241,6.6786747,7.179484,4.681314,3.9211836,6.5139003,5.4301686,6.1594243,5.471163,6.655402,2.6638567,2.9043748,7.039182,4.409953,6.51478,5.805737,7.623062,2.8996658,3.3074398,6.0379834,4.598426,5.467924,2.5100076,4.638381,4.8523736,5.4929624,6.1556144,6.1570683,5.485169,7.158914,5.381918,4.0326943,3.5670722,6.289994,4.4650493,5.3935733,5.5248637,4.090302,6.485403,5.5294147,6.364197,6.1143336,5.4168143,4.53638,5.1800137,4.5689616,5.788205,3.9730322,3.9238248,6.084369,3.5837185,4.939473,6.520284,5.4463453,5.083511,3.7424479,4.4961925,3.4825976,4.95914,4.622388,3.9874334,4.288362,5.5794463,6.5766773,4.2441854,5.111739,5.5087705,5.1363916,4.1245418,4.996586,6.4402323,5.7197447,4.049148,3.980973,6.174251,3.5038931,4.253319,4.7326345,4.6517534,6.660628,4.6908855,5.2716084,3.7760074,4.7249875,4.5198646,5.1290717,5.1801114,4.2044654,4.8030353,6.101817,6.061809,5.2654753,2.9371285,5.0645385,5.9519105,4.585744,6.0560784,6.289249,4.5065207,6.2216125,4.6307025,4.287055,3.986975,5.027685,2.4471698,5.3080287,5.0080743,5.206992,5.8283286,4.2270193,4.62548,4.8923225,4.720091,3.1342266,4.9968324,5.4961295,4.867646,7.3413153,6.881051,5.212667,4.695578,5.9640603,5.885213,4.4072895,4.3555126,3.0340755,5.1033854
TCGA-J2-A4AE-01,4.7301083,6.5924344,6.681382,7.125459,4.607292,3.918459,6.5443993,5.388362,6.1736183,5.5147843,6.6593246,2.643764,2.830165,7.0301614,4.3800206,6.5064645,5.8386335,7.6101537,2.8985567,3.324422,6.0095863,4.586486,5.4613304,2.5043008,4.65015,4.844333,5.5007205,6.1751366,6.2529626,5.454339,7.183356,5.3542805,4.0343857,3.5781677,6.293768,4.4570165,5.4235444,5.559905,4.13305,6.514597,5.510116,6.348767,6.162076,5.472639,4.529072,5.197741,4.5163236,5.7952085,3.9806342,3.925819,6.1700783,3.5993006,4.9418993,6.497708,5.4376225,5.065701,3.7579048,4.5145664,3.4378417,5.013739,4.7202377,3.9342294,4.2824736,5.588396,6.573963,4.2217126,5.0946703,5.5287986,5.105029,4.1533623,5.004232,6.436972,5.718448,4.0881352,3.9495108,6.152746,3.4484398,4.2368484,4.762952,4.6892514,6.684209,4.730362,5.3107905,3.7891226,4.749313,4.5543838,5.159507,5.1732645,4.222033,4.796133,6.092072,6.094932,5.271353,2.9035761,5.036578,5.939198,4.570078,6.0889034,6.308544,4.5005703,6.307557,4.659187,4.276912,3.9638464,5.020138,2.4668727,5.3003907,5.01076,5.212748,5.8137326,4.255212,4.655414,4.8887653,4.736578,3.1689148,5.001867,5.5017586,4.9097095,7.3460345,6.8718176,5.1982794,4.7086906,5.9795756,5.876031,4.4134293,4.4238067,3.028797,5.1049542
TCGA-05-4397-01,5.195609,6.5666213,6.639407,7.212862,4.7869816,3.8962233,6.519425,5.4183955,6.1621885,5.3166447,6.586956,2.742466,3.0639207,7.0789075,4.4290385,6.496629,5.788377,7.6594224,2.9534578,3.2860107,6.067707,4.619554,5.551024,2.485709,4.6105967,4.9127836,5.4790916,6.142437,6.07288,5.7334123,7.110726,5.3987503,4.0808296,3.4619465,6.2388506,4.538591,5.3542824,5.544268,4.0390286,6.354516,5.7503815,6.36711,6.060425,5.3488517,4.592758,5.103029,4.8426104,5.833215,3.9536233,3.8699505,5.9995747,3.540725,4.931018,6.616269,5.3893456,5.0210977,3.7826152,4.566223,3.5775049,4.8923125,4.622259,4.055711,4.3149796,5.5734377,6.6172433,4.259424,5.0429864,5.494386,5.2330937,4.040947,4.901313,6.4899454,5.6839743,3.879133,4.1687226,6.0576215,3.5602307,4.3139787,4.7259445,4.5669875,6.6681676,4.566326,5.149886,3.731565,4.7070622,4.489904,5.0262938,5.2040086,4.154279,4.8025985,6.1296735,6.092273,5.25344,3.0508792,5.108084,6.006189,4.6004825,6.0822926,6.3106976,4.544671,6.1469755,4.5918446,4.253448,3.969948,5.024533,2.364426,5.3273206,4.9973097,5.187229,5.8218694,4.204121,4.622208,4.8636017,4.6636896,3.094234,4.92103,5.487078,4.7502766,7.369689,6.928907,5.2293463,4.637772,5.9570284,5.848261,4.375081,4.1643953,3.064241,5.0688972
TCGA-55-6979-01,3.5070374,6.816287,6.805366,6.717642,4.302736,4.020838,6.5503025,5.2696953,6.1736574,5.8992867,6.716671,2.5604274,2.498262,6.9055653,4.2402844,6.493667,5.929108,7.469136,2.7436483,3.3973935,5.7961955,4.529282,5.168176,2.5368145,4.738909,4.5915885,5.5580196,6.3411975,6.632988,5.080463,7.3246884,5.3077116,4.0268493,3.9052496,6.2062626,4.201695,5.5381465,5.696115,4.4872174,6.854794,4.9820023,6.286272,6.365612,5.659761,4.472137,5.2854605,3.934488,5.6792016,4.123974,4.080744,6.5638685,3.704009,4.7664247,6.274256,5.443442,5.209782,3.776658,4.3357406,3.1004138,5.315117,5.096562,3.6979945,4.1233697,5.6655483,6.4695354,4.2738214,5.1513033,5.561459,4.8250566,4.492723,5.1661186,6.1640763,5.6539226,4.32719,3.6070857,6.1224394,3.3108227,4.130182,4.7053204,5.056674,6.6707025,5.2770867,5.6417737,4.0275545,4.898228,4.8710375,5.4861574,5.116267,4.414369,4.7966237,6.030187,6.0771136,5.153421,2.5652957,4.8386903,5.801646,4.515867,6.1232285,6.3087206,4.339167,6.4832344,4.9003572,4.378333,3.9336212,4.8717446,2.7133107,5.2433405,5.0729074,5.1657915,5.6901436,4.3783703,4.7311683,4.8520546,4.927806,3.335989,5.19903,5.496772,5.2930098,7.199469,6.748559,5.0675445,4.971241,6.0746927,5.879671,4.5156803,4.8382983,2.9470403,5.1834416
TCGA-49-4490-01,4.761105,6.679786,6.664384,7.246465,4.620397,3.9732864,6.5295787,5.3600106,6.1599307,5.4664493,6.6103163,2.7000732,2.9006758,7.023821,4.375458,6.474812,5.824968,7.6181755,2.8902543,3.288006,5.9762616,4.608354,5.433848,2.5268376,4.6520944,4.771805,5.477516,6.2067623,6.1975036,5.465773,7.18503,5.3798556,4.0116496,3.606467,6.2343025,4.4316473,5.450296,5.597951,4.1772547,6.497063,5.5287695,6.354807,6.1905174,5.4415717,4.5746474,5.1404686,4.5560493,5.798247,4.022085,3.9893892,6.1288958,3.5709367,4.881111,6.505933,5.411636,5.0849295,3.738963,4.5069466,3.4493253,5.0439506,4.5885644,3.9801564,4.2360673,5.618798,6.5773687,4.281977,5.0879707,5.499543,5.0592175,4.172809,4.9981003,6.4246426,5.6695166,4.033783,3.9936893,6.1068525,3.5037766,4.274529,4.7041445,4.64649,6.680244,4.727481,5.3229017,3.811703,4.7433915,4.5758257,5.1653795,5.1781654,4.2023277,4.801643,6.1029134,6.0683007,5.197749,2.9288142,5.0177093,5.9481344,4.5721498,6.0783257,6.294136,4.4761577,6.204939,4.6738815,4.295819,3.9264076,4.947775,2.4738188,5.297681,5.0312324,5.184902,5.734637,4.2525797,4.6614847,4.8558836,4.7655168,3.1666157,5.0102963,5.464259,4.924154,7.2927017,6.8825326,5.174314,4.756465,5.988918,5.8403187,4.4088993,4.308812,3.0227158,5.114053
TCGA-95-A4VP-01,4.6628137,6.5593386,6.612159,7.417603,4.535117,3.9398603,6.613001,5.423908,6.2030234,5.5321836,6.695847,2.687413,2.607841,6.9693456,4.4044676,6.508021,5.8538866,7.612605,2.8426607,3.3191242,6.009256,4.531629,5.435891,2.4981484,4.678145,4.853945,5.4885187,6.166679,6.1855726,5.260503,7.193357,5.400356,3.955349,3.5894423,6.4026275,4.4290915,5.3975563,5.5084653,4.1169004,6.5076632,5.484069,6.3401074,6.200679,5.4732122,4.527441,5.271456,4.388778,5.826031,3.9626226,3.9451067,6.2335896,3.5786912,5.0077534,6.482058,5.453971,5.1301723,3.738837,4.5674996,3.3716302,5.079185,4.525117,3.9759698,4.302715,5.62424,6.576076,4.2083015,5.1788964,5.547405,5.052739,4.1814384,5.089605,6.529969,5.681452,4.2029266,3.8978865,6.326977,3.3816078,4.2379684,4.74026,4.6568236,6.6794167,4.6985917,5.3427925,3.767532,4.715625,4.551321,5.1471567,5.189429,4.2338367,4.765203,6.0924497,6.114654,5.3257647,2.9194062,5.003027,5.958838,4.5912585,6.079061,6.2891903,4.509827,6.3177752,4.6318398,4.311236,3.911024,5.013829,2.5155149,5.247708,5.0412626,5.240371,5.7587686,4.2322397,4.651775,4.896694,4.7240987,3.1799915,5.030851,5.471703,4.933844,7.3698173,6.857797,5.2031794,4.7066417,6.005891,5.870559,4.4000382,4.4275174,3.000731,5.1281714
TCGA-86-A456-01,3.7488194,6.704772,6.64535,6.859344,4.39957,3.888257,6.697229,5.371557,6.2189784,5.918733,6.8169346,2.429195,2.3603232,6.9263897,4.2662706,6.578306,5.9753795,7.4944253,2.7496805,3.4336846,5.962243,4.43501,5.2982917,2.5144913,4.740934,4.807,5.5381913,6.198485,6.620256,5.040314,7.226381,5.2515893,4.007799,3.8477929,6.4199767,4.2729588,5.4618354,5.5712566,4.254835,6.8185263,5.069077,6.294858,6.298043,5.6866903,4.4192204,5.3929925,4.0191345,5.7018247,3.875924,3.9318163,6.5944433,3.7535353,4.947799,6.299719,5.457658,5.1440115,3.8238297,4.4387107,3.1274083,5.2297416,5.1090913,3.6923351,4.2084985,5.5912156,6.4510803,4.2378426,5.2231665,5.6407804,4.977658,4.396629,5.201189,6.3068013,5.7821097,4.425204,3.4951255,6.3255763,3.2180831,4.057891,4.790694,5.027774,6.6885824,5.105276,5.5524783,3.9089181,4.853675,4.6884,5.40502,5.1610894,4.370086,4.8051505,6.095415,6.12821,5.278049,2.5642097,4.9392524,5.8429236,4.60874,6.0873165,6.3225546,4.4360743,6.564891,4.8428793,4.3553,4.034137,5.006106,2.6673925,5.259889,5.0224266,5.2701316,5.964154,4.269735,4.6867156,4.9265037,4.8039904,3.2586973,5.1470933,5.585617,5.1573067,7.3838115,6.746569,5.166548,4.7811103,6.0599203,5.9482236,4.528241,4.9078894,2.9485047,5.179297
TCGA-78-7143-01,3.984467,6.6440563,7.0052576,6.6224685,4.2789,4.02739,6.3373046,5.2192545,6.1959248,5.7421365,6.5555816,2.724695,2.8887084,6.963895,4.3242626,6.4404306,5.828776,7.447584,2.7916818,3.3675318,5.6522737,4.507895,5.1253552,2.4076169,4.673445,4.5025682,5.544659,6.3616652,6.5633345,5.228,7.3208356,5.434936,4.162271,3.8266928,6.0084295,4.249332,5.621227,5.71594,4.5885677,6.6912327,5.147222,6.323397,6.3527565,5.634331,4.5759363,5.117357,4.079777,5.6816945,4.3376536,4.318592,6.555576,3.7079368,4.611459,6.406567,5.361257,5.164441,3.7490556,4.339046,3.1787918,5.252934,4.898747,3.811538,4.1200256,5.6576324,6.5679517,4.2352567,5.1012883,5.4819283,4.8713636,4.426593,4.987019,6.1962776,5.5652103,4.2225738,3.867567,5.7999105,3.427558,4.3153157,4.6132994,4.873007,6.565231,5.1492167,5.6892033,4.084703,4.90339,4.918515,5.467857,5.094714,4.4707074,4.7681704,6.0389476,6.178643,5.160428,2.7713933,4.864464,5.8129926,4.4605117,6.16928,6.281144,4.3165755,6.41064,4.8481207,4.3042874,3.9188302,4.8697248,2.648489,5.2236094,5.013972,5.0261645,5.5511394,4.409436,4.7072763,4.761832,4.966472,3.2961302,5.1740074,5.4564285,5.2562118,7.0829554,6.8031645,4.993634,5.050605,6.0855584,5.7808943,4.451048,4.626684,2.9640145,5.12203
TCGA-44-6774-01,5.7060866,6.362508,6.699027,7.2110796,4.8614235,3.9094138,6.4000525,5.3643208,6.154318,5.2739367,6.510991,2.6746042,3.3905444,7.2146707,4.418105,6.457484,5.73062,7.770267,3.1049213,3.2207258,6.0018044,4.770581,5.759628,2.52997,4.5524483,4.982572,5.3800054,6.1072063,6.1420484,5.931133,7.1371317,5.273274,4.121356,3.3230095,6.2324467,4.6963305,5.441649,5.5791445,4.0020785,6.1800914,5.9800224,6.405113,6.0998893,5.379291,4.630675,4.96218,5.076601,5.8896337,4.030888,3.8796732,5.7541847,3.5171306,4.961673,6.6936893,5.4136643,4.8541512,3.7368045,4.584969,3.8140674,4.742989,4.507605,4.085043,4.333446,5.508568,6.659708,4.18259,4.8467317,5.4747767,5.2846866,3.8637192,4.704477,6.5650363,5.764963,3.8237464,4.3160586,5.8924294,3.659899,4.3800087,4.839092,4.296322,6.743655,4.311032,5.063732,3.5849144,4.6485023,4.3292837,4.9473724,5.158785,4.050396,4.8510056,6.0967884,6.08567,5.251179,3.2072368,5.201462,5.9983573,4.4960876,6.08575,6.32117,4.6195645,6.208838,4.449542,4.1416464,3.9684296,5.071632,2.2078435,5.4336553,4.9407883,5.132763,5.834708,4.2347636,4.6466866,4.8833494,4.645885,3.0566714,4.797137,5.4529357,4.6104455,7.3637834,7.020008,5.292261,4.5358396,5.857052,5.8433347,4.326115,4.0263786,3.1658497,5.003894
TCGA-86-8279-01,4.6054554,6.6470113,6.759254,7.0417185,4.5913057,3.990894,6.5013123,5.3413672,6.1596823,5.617887,6.604497,2.736395,2.8571513,6.9836597,4.3546457,6.471563,5.826088,7.5934978,2.8561397,3.2935433,5.859109,4.5970535,5.3545995,2.4945416,4.6678095,4.724069,5.482586,6.26956,6.2571754,5.429029,7.23087,5.409498,4.113474,3.6901793,6.179533,4.3645177,5.391276,5.6257358,4.2954006,6.534566,5.4199047,6.337006,6.200538,5.451931,4.579331,5.137682,4.4190598,5.770565,4.1386213,4.0871615,6.299175,3.5857275,4.817683,6.475558,5.404051,5.158318,3.7631645,4.4595156,3.3945718,5.079088,4.724777,3.9634042,4.2128243,5.6552963,6.568186,4.2785788,5.100949,5.4956613,5.0295954,4.26468,4.9884176,6.280697,5.5950356,4.072917,3.951917,6.024707,3.5187645,4.2931924,4.662874,4.707983,6.648769,4.8717833,5.3817244,3.8851333,4.760214,4.705716,5.2427773,5.16515,4.291585,4.810876,6.0612025,6.054657,5.185731,2.8814688,4.95945,5.9145656,4.5305943,6.088308,6.290271,4.440157,6.1888156,4.689602,4.3091946,3.9515011,4.902863,2.520132,5.2708225,5.052346,5.1133304,5.6906214,4.2835355,4.6569805,4.823905,4.8025985,3.1964786,5.042136,5.4092836,5.010023,7.234644,6.857179,5.1335664,4.8343387,5.9969907,5.82395,4.413286,4.3828254,3.0225785,5.1202264
TCGA-73-4662-01,5.357677,6.561166,6.6860657,7.250099,4.7889557,3.9288104,6.4702897,5.395981,6.150094,5.335469,6.564468,2.7205007,3.1550443,7.104018,4.4241214,6.4790916,5.7740927,7.6817837,2.9901724,3.2481458,6.030614,4.671062,5.5721517,2.4982371,4.602641,4.879306,5.4491625,6.155953,6.053729,5.709036,7.1370544,5.381587,4.1044116,3.4608524,6.2006493,4.553285,5.3722506,5.5708985,4.0568714,6.3351984,5.7611313,6.383441,6.078484,5.3603497,4.6067696,5.0493793,4.853225,5.835246,4.020102,3.953511,5.9550395,3.537777,4.915924,6.615759,5.4000535,5.007111,3.7492628,4.5505447,3.6382005,4.863709,4.520721,4.076443,4.2994375,5.560759,6.6278567,4.2471623,5.011136,5.4674015,5.216385,4.019624,4.8605285,6.458192,5.6863637,3.8717756,4.183321,6.0029488,3.6263685,4.3396726,4.732194,4.4947762,6.6749067,4.52059,5.1624722,3.730668,4.6817727,4.4760046,5.0324173,5.1943564,4.145282,4.830866,6.1061306,6.054788,5.227916,3.0772395,5.108333,5.983549,4.5567,6.068916,6.3016596,4.543682,6.107856,4.5563707,4.2281017,3.9869561,5.012364,2.3368053,5.346449,4.990245,5.163701,5.80309,4.2221227,4.6275434,4.8622036,4.694199,3.090904,4.899916,5.454403,4.7561812,7.322734,6.935934,5.2169905,4.6624756,5.921582,5.834654,4.361683,4.1376944,3.086176,5.0649824
TCGA-17-Z022-01,4.4745193,6.611188,6.6517587,7.2612762,4.510231,3.9581811,6.5917144,5.3855414,6.1926446,5.5883017,6.6771154,2.6741078,2.633957,6.9649835,4.375479,6.494239,5.856369,7.59737,2.83478,3.3186045,5.9550524,4.542837,5.394513,2.5083482,4.6807017,4.7950754,5.495456,6.20569,6.265098,5.2696385,7.220636,5.3888865,3.9811761,3.6434653,6.3462257,4.3913274,5.42728,5.5549273,4.1902585,6.5526085,5.4198284,6.337359,6.2222247,5.497905,4.5339084,5.2512364,4.34337,5.8053284,4.016335,3.991637,6.2704473,3.588058,4.9484363,6.4563346,5.4513516,5.144648,3.7364597,4.5239043,3.3481357,5.1122074,4.640998,3.945534,4.2634225,5.6409483,6.566347,4.233029,5.1634936,5.5416455,5.014611,4.230916,5.0800476,6.4480124,5.6609206,4.1985083,3.8702483,6.255054,3.3977854,4.2367373,4.730157,4.7107844,6.679958,4.799354,5.3855505,3.8108807,4.7423897,4.6150193,5.201231,5.173396,4.2551165,4.779048,6.078094,6.099439,5.27776,2.8772514,4.974737,5.9342957,4.5689573,6.088929,6.286818,4.478399,6.3230877,4.671042,4.3125896,3.909062,4.970183,2.5366442,5.252347,5.0493326,5.2148647,5.727035,4.257168,4.665165,4.878022,4.763669,3.2039745,5.0502076,5.4573965,4.9901333,7.3293967,6.8500338,5.17705,4.7570558,6.0094066,5.8585415,4.413494,4.4692593,2.998131,5.1314406
TCGA-05-4433-01,5.2206,6.5660152,6.623798,7.248276,4.783738,3.8859417,6.528891,5.428517,6.1574936,5.296504,6.599734,2.7216625,3.0457268,7.086559,4.432902,6.4969444,5.785937,7.664724,2.9634647,3.29008,6.1068015,4.6281023,5.565697,2.5017378,4.607321,4.9245715,5.491886,6.1290965,6.0715985,5.7224684,7.1088557,5.387346,4.0422482,3.4398594,6.26708,4.5547605,5.375166,5.5298605,4.0109625,6.367409,5.758347,6.3715434,6.067404,5.3524203,4.577274,5.1247196,4.8478274,5.8367815,3.9276195,3.8339732,5.966174,3.5370162,4.956191,6.610329,5.411187,5.0094023,3.7674532,4.564354,3.5817366,4.89043,4.5967503,4.0436163,4.3277717,5.5677276,6.6114693,4.249966,5.0448384,5.5008836,5.231361,4.022783,4.9144335,6.5279727,5.7125573,3.8885376,4.1592503,6.0968585,3.543806,4.297368,4.755303,4.559608,6.6846223,4.545488,5.142243,3.7079923,4.70833,4.460085,5.0149417,5.1974907,4.135769,4.7987742,6.1292315,6.092267,5.2694855,3.0478435,5.120864,6.008588,4.6068873,6.0802865,6.3095717,4.549908,6.174176,4.590402,4.2500496,3.9604158,5.045056,2.3586948,5.3342085,4.992139,5.216515,5.8307524,4.204741,4.62535,4.882172,4.6557865,3.0960076,4.9203715,5.5051174,4.7397137,7.388384,6.933354,5.2451816,4.615513,5.951107,5.863828,4.3757567,4.1790824,3.0619228,5.067853
TCGA-62-A46P-01,5.1693835,6.546992,6.591009,7.3722754,4.7185,3.8734846,6.5725584,5.451067,6.177565,5.3099346,6.636385,2.7200575,2.9110055,7.0577097,4.4471636,6.506738,5.7996025,7.6540666,2.9347682,3.3101726,6.128852,4.5808744,5.548825,2.495693,4.61763,4.939382,5.509582,6.110668,6.055149,5.6041284,7.112985,5.4081354,3.9769845,3.434884,6.344139,4.544906,5.388918,5.485857,3.9846323,6.393786,5.722832,6.366482,6.0871134,5.3732014,4.553117,5.1998906,4.754103,5.8474383,3.8846586,3.8161867,5.9994674,3.5397434,5.0111485,6.5903816,5.4340477,5.0328226,3.7530181,4.592276,3.5280697,4.9326673,4.524664,4.02808,4.351659,5.5791693,6.6125517,4.2262096,5.1095347,5.520731,5.20568,4.0333085,4.9795756,6.5952964,5.7214327,3.9785762,4.1068196,6.2212605,3.4678879,4.276372,4.7661495,4.5760016,6.6861186,4.546238,5.1711135,3.6962228,4.707372,4.4470906,5.0158467,5.1988263,4.140321,4.7717605,6.1340413,6.123035,5.323423,3.0373676,5.1084256,6.0174356,4.6258655,6.0846486,6.3042054,4.553937,6.2426357,4.5900497,4.2618184,3.9330356,5.0707645,2.3909729,5.3041363,5.001027,5.254637,5.8215055,4.198207,4.625507,4.899843,4.648402,3.1091518,4.9451427,5.518441,4.7565446,7.4232993,6.921955,5.2529054,4.601546,5.970404,5.8740754,4.374176,4.2387056,3.0375443,5.080019
TCGA-17-Z036-01,6.074171,6.6652923,6.5990725,7.665745,4.849384,3.934506,6.335962,5.534093,6.162808,5.03419,6.575571,2.7921257,3.340963,7.14386,4.557959,6.4881225,5.674198,7.7005086,2.9934626,3.204443,6.195018,4.67266,5.611779,2.5059707,4.5466275,4.883789,5.42319,6.001708,5.7698092,5.823365,7.0391364,5.46009,3.925337,3.3270447,6.29819,4.6511726,5.4186854,5.4024906,3.820054,6.213148,5.8832674,6.459178,5.969143,5.2434926,4.6379757,5.0302343,4.9512815,5.8672795,3.8660312,3.8849905,5.536625,3.4940696,5.0090227,6.716333,5.4439197,4.9929876,3.6297483,4.5713754,3.7801278,4.7155867,4.034342,4.274982,4.327761,5.5261807,6.672401,4.2484064,5.078783,5.4103007,5.237668,3.8461525,4.9133897,6.7133794,5.790034,3.9133155,4.3019576,6.248189,3.6936638,4.378012,4.655288,4.309383,6.618268,4.233661,5.0879555,3.6406088,4.6139874,4.2196493,4.897445,5.221793,4.005137,4.7832336,6.2028522,6.0482316,5.269418,3.2366617,5.2363076,6.034486,4.6455994,5.986647,6.2254786,4.584121,5.9737,4.465718,4.2535753,3.9705992,5.1193547,2.2692409,5.372502,4.9530554,5.221671,5.8002677,4.140774,4.5735393,4.9065886,4.642034,2.992151,4.894744,5.505973,4.6047387,7.344455,6.9697647,5.263021,4.586475,5.9212747,5.8618526,4.3383603,3.9050949,3.0623872,5.0620537
TCGA-75-6211-01,3.4729402,6.889757,6.8473725,6.496629,4.3596663,4.022966,6.5641303,5.242008,6.1227384,6.062341,6.7414007,2.5231795,2.4425585,6.899891,4.1877775,6.5198545,5.956876,7.460922,2.7244363,3.4074874,5.7510614,4.5595307,5.1421113,2.5597353,4.7509165,4.584563,5.5381384,6.3672504,6.761657,4.996918,7.3331294,5.258839,4.137019,4.0458584,6.161849,4.154115,5.5176487,5.7308936,4.534501,6.9551787,4.8638186,6.2739387,6.3422456,5.6497293,4.447728,5.2600036,3.86061,5.614086,4.153364,4.0899096,6.667158,3.7324147,4.7270093,6.200003,5.4356947,5.2407594,3.7924643,4.277104,3.0956483,5.315215,5.2861757,3.630539,4.0801992,5.673943,6.423692,4.314816,5.1319547,5.57788,4.812282,4.561191,5.164532,5.96607,5.680397,4.358484,3.4741442,6.063739,3.348087,4.072669,4.700366,5.1463113,6.6723075,5.42585,5.6807637,4.080682,4.9056044,4.8878665,5.592289,5.119004,4.434022,4.8095784,6.011317,5.997637,5.0991936,2.4437127,4.815552,5.7706785,4.506083,6.0844097,6.3415804,4.318496,6.4346824,4.948249,4.404981,4.0110135,4.8357463,2.7471516,5.2563777,5.089528,5.121296,5.814562,4.373513,4.707862,4.8365703,4.951828,3.3390505,5.2270193,5.4742146,5.350292,7.164864,6.727442,5.0616903,5.003495,6.0626407,5.9062753,4.5587583,4.9426103,2.960267,5.2008724
TCGA-55-8203-01,4.092374,6.6031866,6.725451,7.084752,4.4635763,3.9896653,6.589072,5.3794575,6.2059894,5.7938156,6.7153163,2.665242,2.5108106,6.9045615,4.3355684,6.510636,5.886598,7.5552487,2.7636292,3.3422554,5.8194385,4.5164075,5.297683,2.4900882,4.723455,4.762624,5.494242,6.2723904,6.357783,5.200162,7.277966,5.391047,4.0613284,3.7721817,6.3191156,4.290792,5.3512154,5.591711,4.330357,6.6238112,5.220644,6.3039236,6.2533126,5.540345,4.5170326,5.2891464,4.113923,5.767397,4.1078987,4.0591054,6.4856377,3.6303623,4.897405,6.393248,5.450796,5.2339587,3.7775671,4.463186,3.2286365,5.1770597,4.821104,3.894189,4.228568,5.655831,6.530995,4.228872,5.200683,5.554009,4.9640293,4.3624263,5.113352,6.281579,5.598105,4.268522,3.7495081,6.223125,3.3745222,4.2157617,4.6892343,4.8246565,6.64537,4.993149,5.465272,3.8914075,4.767812,4.757288,5.293751,5.1650476,4.3702455,4.796406,6.031973,6.076804,5.264736,2.7695622,4.8976474,5.88244,4.530945,6.091046,6.284988,4.441564,6.328101,4.707935,4.3573437,3.9331071,4.925326,2.620198,5.223414,5.077404,5.156562,5.689148,4.2867007,4.670293,4.86376,4.8058143,3.2486408,5.1026864,5.42212,5.107329,7.282904,6.7935104,5.1369624,4.844005,6.028049,5.864991,4.4397907,4.609375,2.9892395,5.1563096
TCGA-97-8171-01,5.318148,6.470696,6.629429,7.253931,4.805365,3.889797,6.5187945,5.4481807,6.178501,5.31669,6.6087885,2.698198,3.080416,7.09841,4.4368105,6.503299,5.7819266,7.681527,2.974619,3.2865376,6.07317,4.6383257,5.607954,2.4931169,4.6088266,4.970124,5.4738116,6.121722,6.0636344,5.7789264,7.116004,5.3606515,4.0525355,3.4054308,6.297559,4.5773673,5.340389,5.520205,4.011651,6.314537,5.783669,6.3698583,6.069101,5.3674917,4.5739737,5.1290097,4.864189,5.8576703,3.9342546,3.8175864,5.955523,3.5391133,4.9841137,6.6301746,5.4197893,4.9922404,3.7909644,4.571138,3.5987446,4.860254,4.6053686,4.0487003,4.347746,5.5356345,6.61644,4.212084,5.028887,5.5105925,5.2568665,3.9985518,4.8896174,6.5526648,5.709013,3.8866105,4.1743817,6.094346,3.5362723,4.304125,4.772957,4.529981,6.685681,4.499654,5.1037908,3.669283,4.6907926,4.4467235,4.9738445,5.192268,4.146952,4.815126,6.115766,6.1041336,5.297923,3.0704167,5.13529,6.0032787,4.587774,6.086616,6.304424,4.5768085,6.201142,4.548561,4.2356606,3.9646604,5.067376,2.3358817,5.349169,4.981559,5.2107453,5.832017,4.2051883,4.631429,4.8995433,4.63664,3.0925703,4.896543,5.5071635,4.7088356,7.4091544,6.937681,5.2643304,4.5839725,5.9346185,5.873477,4.365169,4.1740522,3.0814183,5.0567064
TCGA-35-4123-01,4.779386,6.595723,6.7083,7.0846624,4.663531,3.9289236,6.519388,5.395029,6.175039,5.5277147,6.6436186,2.6744163,2.894552,7.0277605,4.378667,6.510442,5.831359,7.609928,2.8915803,3.3162718,5.966724,4.590049,5.4504614,2.4808984,4.6468363,4.8516836,5.4850426,6.1906457,6.236384,5.517665,7.178041,5.3677955,4.101935,3.6020815,6.247743,4.446553,5.3700004,5.568826,4.16045,6.485707,5.5051537,6.3475456,6.130112,5.444778,4.551966,5.1639147,4.5496397,5.789472,4.0165944,3.9367518,6.186553,3.6009884,4.91044,6.5144773,5.4143353,5.0881605,3.7875202,4.4993544,3.4535306,4.9877515,4.7469816,3.9616704,4.270341,5.577728,6.5775037,4.2358375,5.091462,5.520931,5.13092,4.168032,4.972248,6.3707843,5.675513,4.039929,3.983062,6.085769,3.4984367,4.258647,4.7176986,4.6955485,6.656236,4.7472525,5.289484,3.8116229,4.7415295,4.590676,5.1585073,5.181019,4.2479444,4.8087173,6.093279,6.0806847,5.2480655,2.9111454,5.033656,5.9364963,4.5656023,6.083366,6.3088894,4.4998612,6.233868,4.6493716,4.283315,3.9907408,4.9994354,2.4594936,5.305094,5.016681,5.167881,5.811765,4.2459264,4.6411476,4.867783,4.733311,3.1558268,4.995129,5.481778,4.9008965,7.3277516,6.8687196,5.1879463,4.724284,5.979033,5.865701,4.4127293,4.3845825,3.0394673,5.102844
TCGA-55-7727-01,4.6558957,6.670286,6.5159035,7.6412916,4.401615,3.9739864,6.711139,5.347462,6.1555963,5.540367,6.6829667,2.619835,2.4309335,6.983577,4.392957,6.493844,5.8466153,7.674538,2.8659606,3.296589,6.118051,4.5563273,5.508501,2.6092567,4.657158,4.7582817,5.468546,6.134129,6.183171,4.9880753,7.2214484,5.3782806,3.8357334,3.6000946,6.491242,4.417959,5.5041704,5.4906054,4.025314,6.5737357,5.514497,6.3621817,6.2117333,5.501156,4.4768987,5.2923074,4.3610034,5.837072,3.9310193,3.9580805,6.1140285,3.4997532,5.082888,6.418976,5.5225525,5.084188,3.6087575,4.6276307,3.437694,5.107131,4.292801,3.970469,4.2939143,5.73026,6.6225214,4.237256,5.1893,5.5444136,4.919132,4.13375,5.1600037,6.6251354,5.739183,4.296123,3.824045,6.4826736,3.344503,4.2029395,4.8180127,4.6021385,6.7700987,4.6692896,5.3731046,3.7118006,4.680766,4.465564,5.170369,5.1641054,4.068525,4.752566,6.0834274,6.076037,5.3066397,2.960842,4.992003,5.9948435,4.5701575,6.0727654,6.2764316,4.5113125,6.3554087,4.626874,4.25851,3.8446164,4.9727607,2.5158665,5.2342777,5.0802283,5.310136,5.7453294,4.2267923,4.662794,4.9077435,4.770686,3.199076,5.043185,5.3986173,4.937582,7.3903,6.920041,5.2394137,4.666787,5.963363,5.8499503,4.3874307,4.4477906,3.0015073,5.1299753
TCGA-L4-A4E5-01,4.5856028,6.6434107,6.791541,6.8823247,4.681797,3.9960992,6.4823556,5.3497667,6.1551576,5.6699843,6.608474,2.72082,2.9458895,6.993248,4.331516,6.4932704,5.8297496,7.5923524,2.8511195,3.302382,5.809188,4.614662,5.3605227,2.4829404,4.6690273,4.759388,5.46507,6.2855644,6.2954383,5.546153,7.224991,5.3758616,4.2008634,3.7334259,6.132352,4.3522196,5.327036,5.64546,4.3347683,6.526151,5.377042,6.327637,6.1615663,5.438712,4.578478,5.108082,4.453631,5.748629,4.1603417,4.046402,6.3185997,3.6059325,4.7857723,6.474969,5.3837776,5.162602,3.8222528,4.417861,3.4052172,5.0391927,4.884319,3.9452076,4.1975408,5.6180167,6.551923,4.2896585,5.0731554,5.5047174,5.072725,4.2870035,4.9485917,6.175313,5.576047,4.011224,3.947916,5.9361286,3.5588264,4.282128,4.6377807,4.7585926,6.6289043,4.9338584,5.3454394,3.9031026,4.763177,4.7398624,5.2512884,5.165938,4.3252373,4.837513,6.056814,6.0296154,5.1546903,2.8446221,4.9643745,5.8980746,4.5218205,6.0806694,6.3037415,4.44494,6.1370163,4.6937995,4.317299,4.003903,4.8912654,2.512628,5.2969084,5.0524883,5.068554,5.737127,4.2767205,4.64535,4.8161597,4.7944636,3.1866047,5.035596,5.4110394,4.9987803,7.23049,6.8482475,5.1380033,4.8332624,5.988355,5.8391542,4.430092,4.3863454,3.044646,5.117382
TCGA-55-8087-01,5.4714937,6.4637976,6.6087112,7.336234,4.804575,3.8771036,6.5192423,5.451932,6.16935,5.2611346,6.605718,2.6934557,3.0877817,7.1197867,4.456183,6.502513,5.7708645,7.6985893,3.0022097,3.2768455,6.1320224,4.6493683,5.6461105,2.5026448,4.5953445,4.977983,5.468112,6.0883436,6.0299616,5.751223,7.0983663,5.3604774,4.0245204,3.362525,6.3239994,4.6147966,5.3701243,5.4957976,3.9471357,6.296978,5.8440337,6.383972,6.0592976,5.35705,4.5685573,5.1193504,4.9130726,5.8662395,3.9011252,3.8113766,5.8896837,3.5263426,5.0161986,6.643937,5.428544,4.957798,3.760903,4.59883,3.6466446,4.830199,4.5138383,4.067501,4.366206,5.535201,6.629719,4.200217,5.017454,5.5034885,5.266717,3.9442506,4.886241,6.6155767,5.750365,3.8959846,4.1951256,6.130543,3.5390499,4.3070884,4.797601,4.47014,6.7003517,4.412378,5.0907955,3.6383789,4.673751,4.3764224,4.9501796,5.1956005,4.1013856,4.8056526,6.1268187,6.105759,5.316098,3.1092968,5.163934,6.0186915,4.5959625,6.0768466,6.304355,4.591757,6.2079473,4.526541,4.2168083,3.9665256,5.0956664,2.3088405,5.3542686,4.968218,5.2352276,5.8623276,4.1957,4.6252937,4.911435,4.625643,3.0746226,4.880329,5.5135837,4.671781,7.4215884,6.9564466,5.280261,4.5527186,5.9210544,5.8760357,4.35452,4.1402736,3.085446,5.0496883
TCGA-05-5715-01,4.8881116,6.5385404,6.6103845,7.329389,4.6647873,3.8979166,6.5916233,5.4524775,6.186605,5.446295,6.6779923,2.6914551,2.7648659,7.014248,4.4208136,6.513654,5.823963,7.6348405,2.8863914,3.3207238,6.0603657,4.566474,5.494481,2.5044422,4.6498957,4.9205728,5.507049,6.144442,6.1284657,5.4840674,7.158713,5.395484,3.9782865,3.516594,6.372529,4.484501,5.3659573,5.4985046,4.058533,6.455956,5.5856414,6.349354,6.133241,5.415902,4.5325933,5.248838,4.5670853,5.8317194,3.9302306,3.852514,6.1252165,3.5629296,5.010161,6.5322204,5.458157,5.093064,3.7543294,4.556319,3.4451828,4.9941335,4.594836,3.9916806,4.3324823,5.592783,6.5819263,4.218017,5.144787,5.539153,5.147422,4.114515,5.0285087,6.5334578,5.7019405,4.072942,3.992399,6.264668,3.4315042,4.246503,4.7641287,4.6335545,6.6827264,4.654867,5.2366815,3.7235506,4.7150793,4.511128,5.076445,5.1889057,4.1984973,4.778607,6.1009755,6.1042414,5.3282843,2.9616272,5.058175,5.9825087,4.603977,6.0783854,6.2966475,4.534743,6.274845,4.6078224,4.29353,3.9294605,5.0481505,2.4520936,5.285123,5.022102,5.2454658,5.7938714,4.215053,4.634956,4.9068804,4.675951,3.1450589,4.9853272,5.4979153,4.8401556,7.4058547,6.885353,5.2388487,4.645211,5.9795346,5.8881855,4.391769,4.3526707,3.0257878,5.102562
TCGA-MP-A4TF-01,3.3867025,6.7967005,6.7588053,6.7400575,4.5008917,4.0159326,6.7039847,5.240607,6.150338,6.1217446,6.7590957,2.6670134,2.3517215,6.8273973,4.161838,6.568867,6.0426807,7.469903,2.622405,3.4367952,5.56993,4.441864,5.131836,2.5252972,4.82106,4.756929,5.4210186,6.3876343,6.681825,5.0105615,7.291993,5.329328,4.207315,4.1676493,6.182684,4.090327,5.4122524,5.769387,4.5726495,6.855831,4.9196615,6.1967206,6.354171,5.5848374,4.5070934,5.2701883,3.839154,5.609102,4.134562,4.1505017,6.8979454,3.7831216,4.7296915,6.2063212,5.2947173,5.305624,3.9007516,4.399926,2.9964511,5.3942285,5.327842,3.6455283,4.076189,5.6766243,6.4000235,4.405975,5.22466,5.5964093,4.9214363,4.64451,5.1732163,5.8737965,5.6058693,4.375423,3.424716,6.051454,3.2970154,4.1070704,4.5768166,5.070038,6.6237655,5.3876114,5.6895723,4.1021175,4.866482,4.854353,5.609308,5.206547,4.496345,4.772173,6.05517,6.014658,5.0919833,2.4530776,4.752738,5.8428116,4.5563526,6.040939,6.4239874,4.355311,6.3363247,4.9251966,4.5154376,4.010343,4.7794113,2.8245301,5.175815,5.1489167,5.016134,5.846765,4.2841125,4.652949,4.7659245,4.887071,3.278163,5.2226653,5.4060435,5.310709,7.1993847,6.6934695,5.06293,5.0015683,6.1284857,5.8776674,4.5587525,4.838583,2.9614573,5.2508883
TCGA-53-7624-01,3.5518017,6.999642,6.889268,6.4957023,4.654909,4.1988063,6.5728106,5.153503,6.1021724,6.2721944,6.5827794,2.7627869,2.7548606,6.8232317,4.1045465,6.488256,5.976652,7.5301566,2.6765482,3.2535222,5.3816466,4.6070805,5.0773816,2.5045495,4.804638,4.490399,5.3153367,6.5509386,6.5832,5.2648425,7.3419747,5.350003,4.5286036,4.3145294,5.855691,3.9886856,5.1681023,5.919941,4.800253,6.7622085,4.8759446,6.2413692,6.2951584,5.4996333,4.6476374,4.9642158,4.0084486,5.6028123,4.441411,4.460087,6.921567,3.6876225,4.4815745,6.24761,5.223026,5.408257,3.9491425,4.2921247,3.1954055,5.294192,5.3578925,3.854729,3.916783,5.761336,6.433214,4.5150948,5.086559,5.494048,4.848023,4.7366514,4.9986606,5.4744277,5.3283486,4.1059556,3.5822055,5.61885,3.6880262,4.267841,4.373598,5.008676,6.5859103,5.495548,5.6392355,4.252694,4.7953444,5.144218,5.6575956,5.2051873,4.5415897,4.939254,6.0012894,5.828047,4.812309,2.5055308,4.6898623,5.7740717,4.4454613,6.0167093,6.345686,4.2826624,5.835029,4.8845105,4.4598436,4.136006,4.509228,2.7527454,5.2284894,5.200205,4.8049784,5.7102604,4.310477,4.6557064,4.647882,5.006135,3.2715354,5.1725054,5.173696,5.3832674,6.95749,6.715649,4.954742,5.191712,6.046173,5.740685,4.531457,4.5164614,3.0275588,5.2393265
TCGA-75-7030-01,5.3081303,6.5106454,6.659479,7.24183,4.7785397,3.903471,6.5007186,5.419559,6.1628804,5.33654,6.593819,2.6884315,3.1082067,7.1065373,4.426123,6.493222,5.779173,7.6799273,2.9856186,3.2761016,6.064141,4.65216,5.591107,2.4940891,4.597878,4.9266386,5.4693227,6.131878,6.1009755,5.705371,7.1289215,5.353187,4.0694456,3.441919,6.266287,4.571736,5.3816066,5.5330586,4.031469,6.353099,5.7508473,6.3834934,6.082362,5.3832073,4.5765457,5.10409,4.841914,5.841507,3.9708204,3.8568807,5.9566007,3.545769,4.96326,6.6057115,5.423243,4.9936285,3.7626417,4.549292,3.6160047,4.870907,4.580915,4.0382624,4.3239846,5.540871,6.618414,4.217986,5.0246744,5.5068693,5.2230186,4.0100994,4.8828177,6.516632,5.713764,3.9082525,4.1504235,6.062061,3.5628548,4.3041277,4.7693686,4.5262003,6.6885824,4.5330477,5.1508856,3.6954472,4.690794,4.4482856,5.0206194,5.181092,4.1426353,4.8158603,6.1142488,6.0898805,5.2733383,3.0565588,5.1272,5.986777,4.5752473,6.08018,6.305303,4.559244,6.1908307,4.5608263,4.2220607,3.975801,5.0505233,2.3391693,5.3537045,4.9818125,5.1998096,5.8396206,4.2152634,4.6299767,4.887337,4.669689,3.0988204,4.910322,5.4940095,4.740975,7.3766074,6.940418,5.247782,4.6117973,5.930006,5.863948,4.3694024,4.195617,3.0794742,5.059944
TCGA-75-5147-01,4.4170675,6.6678896,6.722652,7.0700483,4.566251,3.9911306,6.550633,5.3422847,6.1727285,5.6840196,6.647161,2.6740222,2.747629,6.969641,4.327141,6.491852,5.863962,7.5879855,2.8340738,3.3078477,5.8592668,4.5779386,5.358011,2.5085857,4.68956,4.749674,5.468315,6.2626386,6.317686,5.3473387,7.2374353,5.3665524,4.096612,3.7341926,6.2264094,4.3436327,5.3915358,5.629182,4.2947445,6.574532,5.3489614,6.325738,6.2278724,5.4971924,4.556251,5.175856,4.3426213,5.7647924,4.0955234,4.060827,6.342931,3.6145246,4.849142,6.4375143,5.4101925,5.1600513,3.7765422,4.4647646,3.350957,5.1085544,4.7780714,3.9210384,4.203917,5.6371036,6.5444713,4.2756205,5.1197834,5.52296,5.0129075,4.293629,5.0267444,6.2703347,5.620154,4.134913,3.8596797,6.085466,3.4745998,4.2497077,4.6802006,4.7485995,6.6626,4.9085107,5.408561,3.883225,4.761031,4.7001696,5.2692327,5.1706343,4.301607,4.820334,6.0634522,6.051382,5.188664,2.8233085,4.947117,5.8994126,4.5366883,6.079812,6.300136,4.4471316,6.233875,4.704281,4.3235855,3.9647286,4.906656,2.5473268,5.2720723,5.0570383,5.1343985,5.7320776,4.276255,4.6651783,4.8416243,4.804138,3.2069402,5.0537586,5.4244013,5.035626,7.2592745,6.834,5.1415973,4.8251686,6.002396,5.8437324,4.4336486,4.4620337,3.016999,5.1376386
TCGA-44-A47A-01,4.4370055,6.6365595,6.7602544,7.003357,4.58782,3.9915454,6.545401,5.3622956,6.1605067,5.741343,6.6569285,2.7054877,2.727365,6.948891,4.3344064,6.4993587,5.8486476,7.5847335,2.8152084,3.316794,5.830491,4.580642,5.329974,2.5070343,4.69678,4.748367,5.483245,6.284641,6.2826347,5.3699403,7.252188,5.395089,4.122575,3.7541456,6.2204385,4.3162746,5.3337607,5.616914,4.3265767,6.58715,5.3115845,6.3143177,6.2101054,5.4677978,4.5408087,5.1962433,4.290509,5.7491455,4.140717,4.0712743,6.3984675,3.6042855,4.8352942,6.427105,5.424703,5.203893,3.784524,4.4346023,3.3287508,5.1049585,4.817122,3.9194562,4.216335,5.6586537,6.537043,4.2733693,5.1394167,5.518667,5.017109,4.322444,5.032083,6.220677,5.589978,4.133434,3.8480856,6.0816402,3.4782052,4.252793,4.6681256,4.767622,6.646763,4.9730477,5.4014077,3.8965602,4.762203,4.7441173,5.2793326,5.162713,4.334162,4.818775,6.0352,6.031842,5.203509,2.8111331,4.929418,5.8974795,4.523416,6.075341,6.2946687,4.436588,6.2045193,4.69856,4.3402557,3.9714985,4.9006586,2.5668697,5.2555346,5.0713987,5.110928,5.7108016,4.283033,4.650252,4.839271,4.8019614,3.2134426,5.0699286,5.397511,5.05115,7.246938,6.8286037,5.14295,4.8403854,5.9973073,5.853759,4.4311166,4.48035,3.0202248,5.1381183
TCGA-95-7567-01,4.0026746,6.924366,6.8583302,6.4960213,4.87633,4.145342,6.650299,5.243535,6.013747,6.3136134,6.675124,2.825828,2.7327683,6.817567,4.09766,6.531359,5.960417,7.5764384,2.6637075,3.3087265,5.4226627,4.681346,5.1257052,2.588469,4.796034,4.659573,5.362667,6.5325413,6.5446167,5.3815475,7.328899,5.3258348,4.465824,4.335786,5.9645123,4.0246563,5.1234984,5.8295035,4.7286234,6.850453,4.865858,6.217035,6.2249146,5.350973,4.558646,5.0830264,4.01305,5.5664563,4.377124,4.1678295,6.850093,3.6437278,4.587154,6.1698513,5.316378,5.4793797,3.9491694,4.221685,3.220351,5.260986,5.4435825,3.757849,3.987919,5.79031,6.361599,4.5306354,5.1165576,5.555504,4.9043097,4.7322793,5.057,5.4236655,5.401351,4.1278987,3.4899673,5.774676,3.6472967,4.150621,4.441123,5.0370517,6.6346827,5.6166377,5.5181074,4.156243,4.783022,5.013316,5.653206,5.1846366,4.488148,4.88213,5.9678555,5.736052,4.880641,2.41223,4.7181773,5.813741,4.4862895,5.9575295,6.401393,4.3121557,5.8351946,4.874168,4.533724,4.1265235,4.569763,2.7691512,5.247718,5.2507253,4.8322496,5.819331,4.2756205,4.596096,4.697291,4.9163394,3.2634003,5.204242,5.177116,5.313458,7.0496545,6.7364078,5.0695767,5.069849,6.0227733,5.8617826,4.55699,4.5782332,3.0461936,5.250669
TCGA-55-8511-01,3.4531956,6.714971,6.8602176,6.7305875,4.256821,4.038526,6.518543,5.265069,6.2057385,5.9086046,6.691922,2.632795,2.4990728,6.8815355,4.250812,6.484961,5.922821,7.446362,2.7193246,3.408677,5.70765,4.4830256,5.114968,2.4645815,4.740932,4.576691,5.549425,6.367677,6.658696,5.03569,7.331284,5.343244,4.06532,3.9254906,6.1941843,4.185604,5.5394273,5.6845384,4.5679426,6.8293247,4.9576464,6.279801,6.40855,5.6814246,4.495235,5.2804995,3.8794396,5.680471,4.1918406,4.131858,6.6747384,3.7243674,4.730334,6.286875,5.4023924,5.2338443,3.8202403,4.3349586,3.0522704,5.3609886,5.07486,3.7050347,4.119448,5.6592073,6.478597,4.241903,5.169594,5.5758624,4.810922,4.5344234,5.1494994,6.1849747,5.583903,4.3716884,3.6354616,6.071177,3.2779784,4.174972,4.6458087,5.03536,6.631135,5.275524,5.6987147,4.0666685,4.907389,4.9247346,5.518285,5.106265,4.492907,4.7708163,6.038378,6.1463776,5.177799,2.5853493,4.8159447,5.794828,4.511555,6.146918,6.3078456,4.324182,6.512099,4.9002914,4.3787885,3.9240735,4.8603573,2.7410321,5.2144256,5.070798,5.1124115,5.64354,4.39105,4.729302,4.819543,4.9402547,3.3469274,5.2289333,5.486946,5.327095,7.17234,6.7447977,5.0390573,5.0073466,6.115474,5.854558,4.504465,4.825941,2.9336717,5.1814995
TCGA-35-3615-01,5.1300554,6.561094,6.595529,7.3684993,4.690575,3.877225,6.5632033,5.427345,6.177379,5.3198986,6.630462,2.699719,2.9116032,7.070276,4.436678,6.5042243,5.806895,7.6500053,2.9416237,3.3106263,6.124731,4.5811057,5.5520406,2.4982436,4.614646,4.922146,5.497621,6.1043715,6.1012063,5.556021,7.11316,5.3877544,3.9745107,3.4482799,6.33911,4.5486712,5.434217,5.4967165,3.9900355,6.405921,5.7166753,6.3703694,6.1092744,5.398761,4.5545626,5.1832466,4.741653,5.8406377,3.8807483,3.8378866,6.003531,3.5548081,5.0038223,6.5814147,5.4251447,5.0079756,3.7447052,4.59452,3.5334864,4.9412017,4.5132127,4.0107474,4.3358374,5.5748763,6.6122565,4.226025,5.092693,5.5213866,5.188271,4.030072,4.9754763,6.6007676,5.746071,4.0088964,4.088203,6.2097254,3.4621391,4.271115,4.772437,4.571947,6.6919365,4.538169,5.202501,3.7032516,4.714341,4.428666,5.0412517,5.196059,4.1310124,4.7692027,6.143019,6.13084,5.311441,3.0282314,5.1115975,6.009323,4.6227913,6.084188,6.3096037,4.5503016,6.271117,4.6031165,4.2535195,3.9380934,5.0709863,2.3920097,5.310987,4.99154,5.2515783,5.8423314,4.203691,4.63231,4.896855,4.664833,3.110321,4.948656,5.528195,4.7683077,7.4132643,6.9232526,5.246016,4.608507,5.9734135,5.870538,4.3809943,4.2581015,3.0364282,5.0808516
TCGA-05-4382-01,4.033784,6.7187843,7.0001836,6.356243,4.710076,4.1598043,6.419016,5.2138586,6.154788,6.1593165,6.4891276,2.8045235,3.0254834,6.8826685,4.196948,6.4589553,5.857021,7.5761204,2.7672274,3.2044466,5.3782573,4.6247563,5.160102,2.40533,4.7371225,4.5209513,5.3195143,6.5246406,6.441581,5.500082,7.3334904,5.412122,4.6580296,4.108747,5.8556128,4.0894804,5.0561385,5.8492312,4.7497478,6.5362344,5.1015615,6.289781,6.219023,5.476101,4.706818,4.89756,4.254626,5.6736465,4.575674,4.5308743,6.836806,3.6423357,4.4714446,6.4195833,5.2398934,5.3600035,3.9602406,4.300358,3.347456,5.1194696,5.2227774,4.022649,3.9950256,5.726522,6.520503,4.416244,5.041293,5.460848,4.970755,4.6026616,4.817712,5.586374,5.2393146,3.9731345,3.8609474,5.466619,3.7882137,4.4258986,4.3827357,4.835978,6.540242,5.2600536,5.510348,4.175792,4.7523704,5.181757,5.5076494,5.1696095,4.5729647,4.9860682,5.9762964,5.908984,4.900797,2.7461815,4.776962,5.785987,4.3859687,6.0670595,6.2729926,4.329896,5.7828465,4.7266135,4.339093,4.1663637,4.571812,2.6106262,5.2594957,5.1328797,4.7517643,5.6311674,4.318249,4.63823,4.64494,4.949024,3.2229996,5.0740256,5.140347,5.2498217,6.9651484,6.785416,4.976835,5.1254206,5.987567,5.698415,4.4464593,4.3648868,3.0816321,5.1510377
TCGA-17-Z043-01,4.407806,6.588543,6.5541716,7.5279794,4.4375377,3.9510317,6.6898108,5.4176455,6.219269,5.601199,6.7367654,2.6644955,2.3934226,6.9220586,4.392664,6.513393,5.889432,7.6038914,2.7948656,3.3257833,6.0105658,4.4837832,5.4058657,2.511748,4.7026505,4.832486,5.4828286,6.1633587,6.233966,5.0643353,7.2165174,5.40741,3.9036443,3.6472743,6.483431,4.3825417,5.4131074,5.4933305,4.113868,6.565266,5.398944,6.3338675,6.2366323,5.518719,4.507604,5.3422594,4.233571,5.8328166,3.9372752,3.964524,6.315948,3.58164,5.057297,6.4288774,5.478598,5.173714,3.7096257,4.59907,3.302667,5.1552005,4.4936843,3.9630582,4.2937903,5.6669784,6.5696416,4.208009,5.2445383,5.5727243,4.9772263,4.2307286,5.1780043,6.5465164,5.680615,4.3288956,3.780776,6.458678,3.3104863,4.2033086,4.7476506,4.687666,6.69555,4.745134,5.4089003,3.7716224,4.7088127,4.559081,5.18683,5.1946783,4.2322316,4.750381,6.091754,6.1192846,5.3453703,2.8785331,4.961978,5.956426,4.6018133,6.075146,6.279987,4.503532,6.369695,4.647284,4.3289447,3.8807495,4.9957156,2.572033,5.2114496,5.0682,5.275734,5.741835,4.222532,4.660334,4.90535,4.7421007,3.2065232,5.067171,5.452529,4.993082,7.3895,6.8370647,5.199246,4.717727,6.024594,5.868068,4.4093404,4.513132,2.9716237,5.1543794
TCGA-MP-A4T6-01,4.9090447,6.5746264,6.660381,7.221584,4.6727138,3.920468,6.5427814,5.4194646,6.171935,5.446563,6.6415987,2.6902173,2.8957217,7.034248,4.409218,6.4999266,5.8130164,7.6310306,2.908498,3.3030431,6.0303907,4.5987196,5.48449,2.499013,4.639579,4.868735,5.499651,6.1687493,6.148177,5.542631,7.1663847,5.3850536,4.0340343,3.5331495,6.289109,4.4805694,5.3747373,5.539193,4.100621,6.4580874,5.5867057,6.358113,6.1265554,5.418368,4.550285,5.180857,4.615585,5.8166075,3.9863026,3.9060576,6.109292,3.5655985,4.9504533,6.53717,5.438581,5.0779643,3.757332,4.525356,3.4791296,4.976731,4.6416445,3.9979107,4.302553,5.5866485,6.589147,4.231728,5.0970483,5.5168185,5.142456,4.1189647,4.982964,6.4698496,5.6849647,4.018485,4.0259953,6.1500983,3.4954913,4.267337,4.745264,4.6369796,6.6735587,4.679859,5.2479067,3.7604053,4.7216425,4.542927,5.0986533,5.182361,4.206751,4.7985897,6.094737,6.0845194,5.2781644,2.9621685,5.054892,5.9630194,4.579988,6.081648,6.2962565,4.5163717,6.2283096,4.6207747,4.276139,3.9536548,5.0192857,2.4361076,5.3021107,5.01446,5.212858,5.7896495,4.234064,4.6404495,4.886146,4.7079315,3.146537,4.9792905,5.4833694,4.8574586,7.3546524,6.8888984,5.2117586,4.686069,5.9685974,5.869027,4.393273,4.3253813,3.0375292,5.095554
TCGA-67-4679-01,4.239138,6.6153145,6.6516237,6.994504,4.4800024,3.8605988,6.6576934,5.4116015,6.194037,5.7868514,6.7923136,2.4913726,2.4691896,6.9719334,4.3264813,6.5761685,5.9135084,7.547875,2.8056788,3.413779,6.0392694,4.4757495,5.3813863,2.5079525,4.6891346,4.8692455,5.533295,6.143589,6.503332,5.1157594,7.1954007,5.2865357,3.9997313,3.745265,6.4529195,4.3655233,5.4541554,5.4936295,4.144788,6.7298,5.2320023,6.326733,6.2221303,5.599303,4.4229236,5.3672333,4.1752963,5.726318,3.875168,3.8588176,6.440102,3.7000363,5.009359,6.354852,5.488503,5.1157227,3.7732353,4.4676714,3.2621286,5.121534,4.9258137,3.7692628,4.2691927,5.592145,6.493993,4.2019005,5.206246,5.628678,5.034823,4.2786713,5.151805,6.397461,5.8118978,4.384524,3.6169498,6.3490043,3.2719345,4.0922375,4.8146467,4.8822203,6.692664,4.9338627,5.4622517,3.8274634,4.8013477,4.5743303,5.3244457,5.1549606,4.2925057,4.777162,6.101079,6.124354,5.3354645,2.6886156,5.006299,5.888582,4.6126533,6.069514,6.3197594,4.478905,6.515593,4.7538767,4.3164687,4.0290627,5.06538,2.5899367,5.2751203,5.010412,5.2718267,5.980986,4.2412815,4.6457524,4.9353127,4.752907,3.2104135,5.106279,5.567407,5.0392313,7.4157076,6.806609,5.217759,4.695819,6.0218606,5.9561014,4.4887786,4.7829876,2.976675,5.147191
TCGA-95-A4VN-01,3.9381163,6.8470902,6.6665783,7.1573377,4.4616766,4.0592213,6.637516,5.3611164,6.1592417,5.8480363,6.722824,2.6782053,2.4605873,6.845596,4.284252,6.4699507,5.8921123,7.5432324,2.7048986,3.31232,5.8153224,4.5578647,5.1804957,2.604756,4.7598867,4.612238,5.520417,6.3444576,6.365591,5.134988,7.319076,5.410334,3.9501693,3.903341,6.2836647,4.17439,5.4057994,5.641766,4.4204316,6.7707953,5.054796,6.3011127,6.3398867,5.5180044,4.5221133,5.3200364,3.9826245,5.7357764,4.1349607,4.103641,6.508035,3.5977228,4.8244004,6.2994695,5.499742,5.3457904,3.7166593,4.367621,3.147673,5.3029795,4.7467275,3.8834267,4.1369996,5.759514,6.460386,4.355729,5.244236,5.535909,4.816878,4.487118,5.225762,6.1899085,5.5613036,4.276793,3.6322126,6.2658677,3.4058723,4.174987,4.649364,4.885189,6.6832986,5.170608,5.534314,3.9416718,4.804706,4.8532085,5.3830323,5.148984,4.354192,4.8212976,6.017477,5.968152,5.144408,2.6537488,4.830399,5.86062,4.5514765,6.051292,6.244376,4.3607273,6.206706,4.8040085,4.439062,3.8750896,4.80253,2.7090204,5.2162,5.1384873,5.18225,5.571611,4.2984934,4.693286,4.8613906,4.8732924,3.294476,5.1780663,5.3783755,5.2274895,7.218625,6.7648253,5.113955,4.9381876,6.042201,5.8686476,4.478522,4.5971284,2.9425535,5.207681
TCGA-73-4658-01,4.370433,6.519245,6.652556,7.395176,4.5186515,3.8833947,6.571585,5.4295626,6.2113457,5.6175947,6.699054,2.6789694,2.4995465,6.980582,4.4183164,6.5250597,5.847488,7.5734663,2.813447,3.351495,5.9603605,4.46919,5.393692,2.446515,4.667477,4.880107,5.4742475,6.132623,6.345355,5.074022,7.1666403,5.3926625,3.984927,3.663255,6.4373865,4.433795,5.478328,5.478679,4.133382,6.5360956,5.424477,6.3536644,6.237085,5.514005,4.537022,5.2811904,4.2763357,5.782078,3.9567144,3.999062,6.3426356,3.6526778,4.975134,6.476746,5.4312057,5.120232,3.7316935,4.5349936,3.3289247,5.093067,4.579166,3.9351292,4.2884016,5.592508,6.547436,4.2029862,5.217272,5.581677,5.072426,4.1993346,5.0626507,6.525183,5.7439785,4.3351164,3.7918181,6.3300447,3.334903,4.2339,4.736457,4.657654,6.6394796,4.7273755,5.445436,3.7816,4.741726,4.473946,5.2286053,5.179606,4.277917,4.725596,6.1270847,6.172781,5.3587775,2.8836782,5.033746,5.945554,4.6195226,6.0594344,6.2917447,4.503273,6.4106226,4.658772,4.3193283,3.940591,5.0493755,2.541212,5.2451186,4.995025,5.199478,5.8706784,4.207813,4.619235,4.8823595,4.717704,3.1535518,5.069867,5.5282464,4.953217,7.3688455,6.8536654,5.2039585,4.702988,6.0414357,5.8908105,4.4241524,4.5408134,2.983394,5.1218424
TCGA-78-8660-01,5.039989,6.568479,6.6438184,7.2187834,4.7198334,3.902157,6.528105,5.4133673,6.168959,5.3625665,6.6225557,2.703427,2.9691257,7.0664883,4.416329,6.501341,5.8099103,7.6420217,2.9378319,3.3003867,6.0627775,4.6104445,5.5298142,2.4981723,4.627584,4.902893,5.4846797,6.1426883,6.1265492,5.623827,7.1342034,5.377126,4.0423784,3.4856875,6.269645,4.5239754,5.3946214,5.5456247,4.055361,6.408045,5.677901,6.3599443,6.1068854,5.394799,4.567735,5.13934,4.7270565,5.8239846,3.9476557,3.8804858,6.038148,3.5666628,4.950698,6.5757036,5.4092917,5.025404,3.7658818,4.556318,3.5284724,4.934139,4.6374865,4.012366,4.311038,5.568758,6.5995393,4.238672,5.0513964,5.504347,5.1927166,4.0653505,4.943782,6.5047584,5.717077,3.9650953,4.0935416,6.114007,3.5155706,4.2815228,4.7508955,4.592244,6.6770945,4.603279,5.2087626,3.7396903,4.718732,4.488804,5.064707,5.1974688,4.1723304,4.794448,6.117993,6.094767,5.2711406,3.0029297,5.0890827,5.9830093,4.592093,6.079442,6.3139834,4.536095,6.220175,4.60957,4.266854,3.962958,5.040907,2.3984044,5.319193,4.995939,5.2099285,5.824117,4.222849,4.636611,4.882344,4.684677,3.1178298,4.945396,5.503164,4.799253,7.3658566,6.9051285,5.2217197,4.656352,5.9649353,5.8655696,4.3880777,4.255699,3.0514278,5.083892
TCGA-55-7284-01,5.226121,6.4894714,6.6389127,7.176832,4.7893095,3.8838444,6.520767,5.427165,6.1796756,5.334849,6.596389,2.698193,3.089024,7.0962057,4.424166,6.501722,5.788531,7.671119,2.9729989,3.292775,6.0670824,4.62362,5.5897565,2.4834263,4.608249,4.9490414,5.4756722,6.130361,6.101436,5.7726846,7.1134577,5.361629,4.076603,3.4263136,6.27546,4.562822,5.349485,5.53351,4.0312214,6.3313913,5.7704124,6.3672285,6.076375,5.3822217,4.5790462,5.1182604,4.863436,5.84734,3.939457,3.8392866,5.996937,3.5507035,4.9584627,6.6258774,5.401461,4.9876313,3.803216,4.568941,3.5877914,4.8757167,4.669321,4.0345984,4.3326874,5.544619,6.615393,4.224483,5.0238137,5.5121045,5.2534547,4.0177064,4.883218,6.52832,5.701433,3.891518,4.1691146,6.0535774,3.532109,4.3083334,4.7622333,4.5549083,6.6839705,4.5288205,5.128727,3.696254,4.7074466,4.475243,5.004135,5.1907825,4.1579905,4.8164215,6.1245646,6.1168423,5.2805934,3.057577,5.1279035,5.999427,4.589929,6.095076,6.3094206,4.5638833,6.21359,4.571455,4.230569,3.9773195,5.053048,2.3443506,5.3459387,4.9801087,5.198659,5.841837,4.2102523,4.6337295,4.8851657,4.6487737,3.0959616,4.9035735,5.5071135,4.7274537,7.399565,6.9359326,5.251154,4.599904,5.945256,5.8623495,4.3711867,4.1898637,3.0762281,5.0573006
TCGA-69-7761-01,4.5749116,6.6098347,6.6801677,7.182287,4.578784,3.9498334,6.559115,5.3795934,6.181726,5.571627,6.6586328,2.671401,2.7362375,6.9950504,4.369439,6.498432,5.8495026,7.601877,2.8620005,3.3160393,5.951035,4.5727644,5.4196177,2.504024,4.6723127,4.8157797,5.486929,6.2079415,6.258884,5.3808103,7.2056413,5.3715906,4.037681,3.6285954,6.2887816,4.412463,5.4060583,5.579774,4.1926694,6.5226827,5.4564986,6.3360877,6.19682,5.4776406,4.544631,5.202374,4.4304075,5.7953277,4.0233355,3.980388,6.2463875,3.5969238,4.917245,6.4814706,5.4274626,5.112294,3.7626998,4.5113506,3.3879764,5.062257,4.6897063,3.9446561,4.2606893,5.612007,6.565173,4.238894,5.1163054,5.5272384,5.0649486,4.2075024,5.024007,6.403,5.6689844,4.1156597,3.9206085,6.163694,3.445289,4.2477336,4.7285776,4.700958,6.673168,4.783448,5.34658,3.8149788,4.747033,4.611866,5.1860294,5.1779685,4.255721,4.797007,6.079059,6.0858626,5.2539587,2.8853474,4.99628,5.931897,4.5606117,6.086994,6.3009253,4.4850354,6.280198,4.6677585,4.303998,3.942844,4.9761205,2.5043032,5.277686,5.0331907,5.1879163,5.7591343,4.259347,4.6607056,4.8716836,4.7544117,3.1853,5.022286,5.467656,4.9562116,7.3184943,6.8557,5.177555,4.751889,5.9947286,5.8606496,4.415281,4.4274073,3.0202181,5.119109
TCGA-64-5781-01,5.303326,6.586673,6.606698,7.297277,4.785095,3.8838716,6.5307894,5.4320545,6.155603,5.2615967,6.5941777,2.7393537,3.064141,7.0882444,4.441857,6.493822,5.7789526,7.6653376,2.961191,3.2905655,6.1252923,4.6197405,5.563819,2.5053368,4.598922,4.9178424,5.4970217,6.116977,6.0479436,5.710116,7.097269,5.402069,4.0143657,3.4314702,6.2747636,4.559828,5.3993115,5.512636,3.9902236,6.368774,5.774446,6.3774214,6.062655,5.338331,4.5814137,5.129096,4.868433,5.8392305,3.9061167,3.823458,5.932047,3.5285647,4.962052,6.6140537,5.4125314,5.0109653,3.75451,4.570776,3.5900245,4.8942423,4.5358543,4.0514784,4.3272405,5.578125,6.6172614,4.2630315,5.059844,5.4988737,5.2256875,4.0123606,4.928238,6.558685,5.71767,3.895435,4.1710715,6.1221013,3.5389886,4.2983737,4.7457824,4.5559106,6.6835737,4.535438,5.140293,3.7031112,4.7091646,4.4405365,5.011021,5.198736,4.1146946,4.785707,6.1448555,6.0982103,5.269516,3.0600765,5.128689,6.021225,4.623685,6.0770717,6.3061395,4.548489,6.1762123,4.5948887,4.2530355,3.9488862,5.04696,2.3584023,5.331602,4.9947104,5.225536,5.829572,4.1953335,4.6204014,4.8801045,4.6535954,3.0898252,4.9267054,5.510752,4.728966,7.3951926,6.9412184,5.2488008,4.608035,5.9585657,5.861544,4.3748345,4.160455,3.0530827,5.069232
TCGA-78-7149-01,5.126241,6.593635,6.5845456,7.442808,4.6555495,3.9022832,6.5592866,5.4258265,6.180277,5.3110204,6.6267686,2.7175472,2.896836,7.05517,4.4418607,6.491656,5.80303,7.6489697,2.929125,3.2954202,6.1150007,4.578373,5.5293474,2.5068536,4.6204314,4.882876,5.4903026,6.109906,6.0765967,5.502739,7.1217775,5.405595,3.941355,3.4593158,6.3465514,4.5333333,5.4565253,5.493142,3.9983563,6.412245,5.6986556,6.375296,6.1334686,5.400402,4.564909,5.1831484,4.7022867,5.8461275,3.8927476,3.88038,5.9857335,3.5447838,4.9999447,6.574455,5.429945,5.0291805,3.722065,4.595678,3.523894,4.96727,4.4257402,4.033329,4.321938,5.5934963,6.6135616,4.2365313,5.1092105,5.5113344,5.148447,4.0420456,5.0006514,6.620244,5.7322655,4.042047,4.079389,6.2423806,3.4635067,4.2817864,4.751153,4.553523,6.6904945,4.535639,5.23135,3.7112477,4.707658,4.432069,5.0512486,5.1967454,4.1269646,4.764957,6.1449323,6.1245046,5.3011355,3.0351777,5.097782,6.0075727,4.6239953,6.0765533,6.2942753,4.5385485,6.256267,4.603265,4.26464,3.918508,5.0522113,2.4078276,5.2994485,5.001248,5.2543097,5.8033867,4.2056236,4.6370497,4.8933506,4.6823254,3.1164045,4.963337,5.511302,4.7912216,7.3920918,6.91964,5.234057,4.6329956,5.9807453,5.8593526,4.3775077,4.2389393,3.0242515,5.0910573
TCGA-MP-A4TI-01,4.9616117,6.5844445,6.673801,7.112573,4.726575,3.918976,6.5184407,5.3959923,6.17182,5.415197,6.612803,2.7177348,2.9945397,7.051483,4.396545,6.5024047,5.8200903,7.629782,2.9219728,3.2989426,6.0072103,4.6061554,5.498783,2.4825933,4.637283,4.8795905,5.4739165,6.1732473,6.153384,5.649949,7.1451073,5.381892,4.107326,3.5324998,6.219988,4.489006,5.3559303,5.576094,4.1115985,6.4142017,5.635749,6.349117,6.10087,5.3971887,4.581179,5.113655,4.704907,5.8113923,3.9915888,3.9208596,6.1058736,3.5772638,4.9084487,6.5689836,5.3839097,5.048947,3.7969959,4.540806,3.5115345,4.944127,4.722459,4.0127006,4.2859774,5.5776653,6.5964727,4.2549043,5.0413103,5.498416,5.1887527,4.109518,4.931088,6.4215207,5.6744714,3.9488978,4.0900803,6.0436196,3.541425,4.2916923,4.713985,4.6319976,6.6592693,4.663855,5.22411,3.7844226,4.7269273,4.5580697,5.096591,5.2023497,4.2103457,4.808864,6.1109204,6.083348,5.238427,2.9795496,5.0626144,5.968276,4.5784235,6.083535,6.3179183,4.520865,6.180532,4.625283,4.2755475,3.9867198,5.005955,2.414611,5.3141093,5.007044,5.1699123,5.8135786,4.230974,4.637567,4.8595514,4.7030354,3.1254961,4.9517283,5.4789047,4.831963,7.335652,6.8901434,5.1963167,4.697096,5.97173,5.850138,4.3952985,4.2605243,3.0543847,5.089349
TCGA-44-3918-01,3.4540315,6.922421,7.0440693,6.2765365,4.28839,4.155071,6.353297,5.14067,6.1356297,6.0224214,6.565821,2.6450667,2.7979152,6.912331,4.1950636,6.423838,5.8766127,7.437985,2.755027,3.3221917,5.5502543,4.625792,5.039147,2.499474,4.7291465,4.3334255,5.5221944,6.501,6.7073627,5.1958046,7.4058857,5.336384,4.2923145,4.0447016,5.8674774,4.09849,5.499008,5.8635306,4.7811375,6.857198,4.8694563,6.29458,6.380737,5.654431,4.566067,5.0473404,3.9296358,5.623124,4.457434,4.3850913,6.679122,3.6910434,4.482473,6.281777,5.365598,5.2590547,3.795736,4.201489,3.136617,5.3153977,5.2389226,3.7513092,3.9865077,5.7114205,6.495674,4.3328648,5.012286,5.46559,4.7305164,4.6081696,5.015637,5.838744,5.4722533,4.1572404,3.72065,5.6770916,3.5428083,4.250764,4.564709,5.0969176,6.599547,5.4936433,5.732476,4.2139654,4.9273953,5.149636,5.609977,5.0851154,4.523586,4.867454,5.962269,5.9960628,4.9600945,2.557825,4.7527213,5.7191544,4.390088,6.1465044,6.2770443,4.2371564,6.2474566,4.950061,4.3543015,3.9806385,4.68923,2.7188885,5.2569075,5.086298,4.9683676,5.535033,4.4692593,4.7536826,4.736948,5.076556,3.3761497,5.216344,5.362043,5.4376783,6.951325,6.744735,4.929858,5.2057147,6.055732,5.7758327,4.5131745,4.7305117,2.981161,5.165724
TCGA-55-6987-01,5.083704,6.5320964,6.624579,7.260665,4.716375,3.8777032,6.5617595,5.4279747,6.1727357,5.369299,6.6393547,2.6892529,2.9312444,7.065459,4.4199357,6.505541,5.810613,7.652772,2.945048,3.3123434,6.094897,4.600644,5.548139,2.5039926,4.623247,4.9345284,5.502317,6.1294746,6.115612,5.6121197,7.134907,5.376096,4.0087504,3.4599395,6.319895,4.537839,5.3920655,5.51649,4.0246005,6.4167747,5.689927,6.360219,6.1105275,5.401395,4.547146,5.187316,4.72345,5.835057,3.9187205,3.836815,6.0414705,3.5603473,4.994783,6.5691433,5.4354606,5.024418,3.7604926,4.568109,3.526434,4.9387074,4.6243973,3.9931276,4.337547,5.5716114,6.599417,4.220289,5.0791283,5.5221467,5.2005434,4.0520425,4.9618692,6.54397,5.730439,3.9914799,4.078512,6.16672,3.4757051,4.266775,4.78386,4.5902343,6.6966343,4.5887494,5.1941,3.7097597,4.7181373,4.47121,5.050804,5.1885304,4.159245,4.7877927,6.115998,6.1097956,5.3080215,3.005492,5.097115,5.993422,4.5996885,6.0862355,6.3148074,4.547075,6.2668686,4.5979977,4.256596,3.9525208,5.0653415,2.3949904,5.316543,4.9978437,5.2381587,5.831308,4.21926,4.6357727,4.9004064,4.666834,3.1214375,4.94343,5.513108,4.783222,7.405557,6.912935,5.2453475,4.618838,5.9605155,5.878909,4.3824625,4.2864847,3.0481524,5.081582
TCGA-05-5425-01,5.3822174,6.5275917,6.5976334,7.2783413,4.8161616,3.8729563,6.5257173,5.4380555,6.173318,5.235059,6.587811,2.7252438,3.1129923,7.1090527,4.446018,6.5012074,5.779419,7.6771145,2.9813988,3.2881844,6.1269193,4.623963,5.612832,2.4926245,4.596787,4.960119,5.4807034,6.101495,6.0340195,5.797538,7.0832305,5.3812046,4.0417967,3.3846989,6.2765484,4.5892425,5.371356,5.5170507,3.9699163,6.3069396,5.8402514,6.3744106,6.0467124,5.3424735,4.5890846,5.106867,4.948038,5.8574314,3.8889112,3.8050947,5.9104085,3.5312848,4.9725437,6.6525774,5.395078,4.9689083,3.785633,4.5971994,3.618425,4.851494,4.5655766,4.0669966,4.3438745,5.5504274,6.6291986,4.243529,5.02174,5.498663,5.2738276,3.9742105,4.887722,6.5862226,5.7210865,3.8522115,4.221918,6.0865693,3.5472622,4.312797,4.758733,4.5279493,6.683111,4.474142,5.0907383,3.6760082,4.699807,4.4277096,4.9638424,5.2070613,4.112072,4.8016543,6.1479588,6.1164412,5.2809963,3.0951438,5.1523256,6.0272875,4.616864,6.0878987,6.310729,4.5754313,6.1796947,4.5674567,4.2342415,3.9634523,5.067108,2.323555,5.3475776,4.97666,5.220877,5.8491316,4.1902003,4.6253457,4.8862658,4.628747,3.0745409,4.889468,5.5200453,4.6818953,7.4156785,6.9493694,5.260871,4.5759826,5.9470057,5.860029,4.3659744,4.1216607,3.0732145,5.0535107
TCGA-50-5939-01,5.139185,6.593409,6.6090846,7.324446,4.713335,3.8858614,6.555863,5.427451,6.164103,5.332345,6.6255636,2.7098956,2.9366622,7.062317,4.4315495,6.499025,5.801867,7.649349,2.9367845,3.3017228,6.1101284,4.5959883,5.531885,2.5078213,4.61761,4.9025354,5.5025535,6.12445,6.091352,5.5781636,7.121968,5.400505,3.9901438,3.4697418,6.310964,4.529524,5.4154162,5.5122924,4.0105085,6.418052,5.6927238,6.3701625,6.0976152,5.3805814,4.560394,5.175689,4.7339797,5.831996,3.9084208,3.855975,6.0047874,3.5474153,4.97932,6.574373,5.430317,5.0356574,3.7396548,4.570999,3.5341678,4.941138,4.5378513,4.019409,4.3238955,5.587768,6.6053753,4.2468762,5.0991125,5.5102324,5.1840158,4.0508113,4.974287,6.546703,5.726703,3.980139,4.0865993,6.184025,3.4907794,4.274582,4.7590346,4.587778,6.688048,4.5772953,5.1984525,3.7197375,4.7157354,4.457274,5.0496693,5.19564,4.137779,4.780774,6.1318955,6.1006775,5.2880244,3.0167768,5.099283,6.0040812,4.617128,6.0770607,6.303829,4.537391,6.230157,4.609281,4.2635055,3.9423523,5.0480723,2.3976028,5.310819,5.002438,5.2403917,5.8221374,4.206076,4.6287117,4.8901186,4.673498,3.1128507,4.9521513,5.5108466,4.7825713,7.3939667,6.9178596,5.2378187,4.63053,5.967186,5.8674808,4.383189,4.250352,3.0369875,5.0851994
TCGA-53-A4EZ-01,3.5046718,6.8995056,6.836218,6.626986,4.568395,4.140829,6.597988,5.1916895,6.1442823,6.176086,6.6145277,2.730174,2.6431699,6.82722,4.144764,6.4908557,5.975487,7.5172095,2.676238,3.2898924,5.4627824,4.545318,5.100657,2.4930258,4.798871,4.5479546,5.359082,6.492871,6.587532,5.183657,7.32726,5.36098,4.402286,4.2101345,5.984755,4.037216,5.2494698,5.856119,4.7137694,6.7489676,4.9341583,6.246785,6.330423,5.548797,4.623942,5.06597,3.989633,5.638824,4.353036,4.3909144,6.8899856,3.7009478,4.5651984,6.2726903,5.2586093,5.367693,3.9216616,4.34081,3.1474717,5.321814,5.2631435,3.8379376,3.9756937,5.739477,6.4428163,4.4605465,5.139806,5.523009,4.862718,4.683448,5.041226,5.6801643,5.389121,4.1843534,3.5855417,5.765495,3.5627542,4.2546225,4.4434266,4.9875445,6.6009197,5.386216,5.644799,4.1832576,4.813336,5.067281,5.601659,5.195117,4.525648,4.899838,6.0235133,5.9229574,4.917504,2.5461674,4.7242556,5.7973466,4.479243,6.045887,6.3342595,4.308287,6.0122657,4.873173,4.4453073,4.073746,4.5969167,2.7504802,5.214266,5.1686025,4.8910747,5.7001886,4.3058405,4.669743,4.691103,4.965561,3.2754292,5.1728497,5.249961,5.348069,7.040957,6.7223573,4.9873176,5.1222835,6.0696726,5.7628,4.5188885,4.583575,2.9999475,5.228158
TCGA-17-Z023-01,4.47268,6.6113777,6.650752,7.2631226,4.5088363,3.9575136,6.592509,5.386015,6.1928453,5.58768,6.678172,2.673041,2.6313615,6.964925,4.3756948,6.4945054,5.8567023,7.597034,2.834559,3.319282,5.9567556,4.542238,5.3945985,2.5087483,4.680768,4.7955933,5.4962273,6.2048335,6.2657366,5.267593,7.2205143,5.3885565,3.9789524,3.6428478,6.3480215,4.391667,5.428678,5.5540714,4.1889777,6.553726,5.4192753,6.337385,6.2226634,5.4986296,4.5330076,5.2529397,4.3419695,5.8054094,4.0144405,3.9900038,6.269849,3.5883362,4.949851,6.455787,5.4522038,5.144291,3.735813,4.5241923,3.3471842,5.1128464,4.6402507,3.9445632,4.263987,5.6407475,6.5661063,4.2324667,5.164269,5.5421686,5.014181,4.230549,5.0815053,6.450203,5.6624455,4.2002177,3.868923,6.2579665,3.3959525,4.235593,4.731345,4.7114787,6.6804104,4.7990994,5.3859906,3.8101916,4.742753,4.613784,5.2011037,5.1732874,4.2545896,4.7784395,6.078351,6.1000547,5.2789125,2.8765843,4.9750237,5.9343805,4.569575,6.089007,6.2868347,4.4785595,6.325503,4.671488,4.312741,3.9084282,4.9713745,2.5370517,5.252225,5.049113,5.2164893,5.7275653,4.2571397,4.6653786,4.8788853,4.7634115,3.2042692,5.0506444,5.458644,4.990214,7.3305206,6.8498344,5.177519,4.7562637,6.0096936,5.8592744,4.413751,4.4711375,2.997597,5.131605
TCGA-86-8359-01,5.323567,6.5360646,6.6315207,7.2961364,4.8307934,3.9253404,6.4962234,5.4392323,6.15752,5.2985034,6.573082,2.754157,3.097933,7.0869365,4.442635,6.48168,5.756968,7.690455,2.960778,3.2567258,6.0567665,4.6445174,5.5701804,2.4863741,4.586706,4.9104238,5.457043,6.1324177,6.091639,5.6764336,7.1114817,5.3883934,4.0632243,3.4620678,6.2841268,4.5625877,5.3689427,5.503188,4.0272884,6.3248615,5.765543,6.3952456,6.055332,5.3276505,4.60809,5.092479,4.878117,5.8530087,3.986738,3.8545842,5.9437675,3.5090978,4.9588633,6.619664,5.417341,5.039576,3.7633712,4.5468254,3.6389391,4.8752365,4.509038,4.101495,4.3101735,5.571773,6.6246085,4.2552514,5.049368,5.5109043,5.2043767,4.0201416,4.8957477,6.535092,5.667859,3.9060185,4.181646,6.091551,3.5876014,4.323596,4.71376,4.519658,6.6736217,4.477567,5.133371,3.6895487,4.6726737,4.450436,5.0122066,5.1866317,4.1294394,4.797671,6.135609,6.0819373,5.2534175,3.0849776,5.128695,6.0095544,4.6036897,6.0667086,6.286121,4.555893,6.1286345,4.5539966,4.2390046,3.9566083,5.012577,2.34293,5.346175,5.0049562,5.183054,5.823367,4.1850467,4.6115723,4.865404,4.6585197,3.0865996,4.9261975,5.4726954,4.7292066,7.374603,6.9569716,5.25306,4.609104,5.9462695,5.849714,4.3647666,4.1261444,3.0688643,5.062857
TCGA-44-6776-01,5.3060174,6.5312,6.585594,7.4254336,4.731896,3.872777,6.5574393,5.4511476,6.176619,5.2679214,6.6251984,2.7068207,2.9671803,7.0830455,4.4584327,6.5061684,5.790708,7.6710825,2.964295,3.2965877,6.1598544,4.5953193,5.588775,2.489402,4.6008677,4.9474077,5.4938126,6.0864573,6.0368166,5.607637,7.0977225,5.398191,3.9833558,3.4012113,6.3505397,4.5797987,5.3895025,5.4727693,3.9398324,6.358515,5.778173,6.382355,6.0648627,5.3698997,4.557431,5.1746955,4.8217864,5.8590713,3.8678083,3.8097343,5.9443216,3.532679,5.033769,6.6106915,5.4323144,4.998571,3.7450895,4.613002,3.5861561,4.8919964,4.4630136,4.0513263,4.3594193,5.562059,6.631025,4.2101045,5.0951886,5.5156627,5.219816,3.9861228,4.959194,6.6266403,5.7421584,3.964304,4.1386538,6.2145157,3.487166,4.2855964,4.7742324,4.5318823,6.6920576,4.4525604,5.146781,3.6745498,4.6890607,4.393995,4.988254,5.201428,4.107896,4.775507,6.1471906,6.1260943,5.327013,3.0754826,5.1357036,6.024412,4.6270494,6.0814486,6.302644,4.5705547,6.2336483,4.564836,4.2346416,3.9471102,5.088064,2.3558578,5.3193216,4.988055,5.2607875,5.8513656,4.1890693,4.622493,4.904834,4.6419625,3.0915859,4.922751,5.5250535,4.718408,7.431949,6.9388056,5.2624264,4.575435,5.955525,5.8690624,4.364244,4.2028375,3.0475447,5.070711
TCGA-78-7540-01,5.2682104,6.5392895,6.5915346,7.3525224,4.768903,3.8641968,6.5585904,5.4496503,6.1695986,5.2656293,6.6133204,2.7337115,2.9945302,7.0773563,4.4531507,6.499015,5.7877784,7.6673517,2.959387,3.2966502,6.1409144,4.600653,5.574156,2.4913423,4.6030397,4.9521904,5.5071154,6.107329,6.035498,5.6852994,7.100144,5.4107075,4.0009456,3.4077823,6.316837,4.5707903,5.3767605,5.494367,3.9656415,6.359587,5.785985,6.375528,6.058522,5.3479624,4.571904,5.1681223,4.8468366,5.856118,3.8900032,3.807126,5.9588943,3.527392,5.0035434,6.6173563,5.4259167,5.0177627,3.7552845,4.5963016,3.5764422,4.8982315,4.5310216,4.054619,4.3552217,5.5733075,6.622965,4.2350397,5.0872164,5.5117464,5.2393565,4.0043793,4.9424586,6.5896664,5.717159,3.9180238,4.1604357,6.171469,3.508339,4.2937336,4.767315,4.551135,6.6878085,4.506531,5.1304383,3.6835663,4.6996922,4.4320965,4.9874616,5.202886,4.121325,4.7793446,6.139477,6.1157618,5.3114724,3.0692577,5.127191,6.027714,4.6271544,6.085545,6.3059688,4.563007,6.205398,4.5755444,4.246763,3.939665,5.0695076,2.3573952,5.319076,4.9948797,5.2476397,5.828385,4.1903863,4.620431,4.8927865,4.6351924,3.0931013,4.919234,5.515639,4.720439,7.4252906,6.937043,5.2577624,4.5865564,5.9583716,5.865365,4.365544,4.185257,3.049529,5.068481
TCGA-91-7771-01,4.13312,6.646709,6.8370566,6.842608,4.481285,4.026062,6.498878,5.324857,6.1657867,5.806903,6.6506553,2.7144003,2.7017627,6.923557,4.3113437,6.4773192,5.8506618,7.540038,2.7812834,3.3377388,5.7380776,4.574992,5.2404585,2.4959197,4.7042503,4.6642685,5.51633,6.3399515,6.409856,5.3105984,7.306197,5.3949347,4.1218204,3.8134048,6.1777673,4.265047,5.397548,5.6532807,4.452955,6.6613507,5.1822877,6.305265,6.267215,5.519524,4.5355687,5.2116866,4.1375713,5.7282705,4.228917,4.10869,6.481106,3.6220934,4.7726917,6.3825083,5.4351377,5.241368,3.7807055,4.3715973,3.2428377,5.187737,4.9102664,3.8610415,4.1795726,5.6801867,6.5260777,4.261198,5.137122,5.524875,4.9284625,4.405173,5.0538793,6.166002,5.5543303,4.18576,3.8044236,6.036669,3.4418368,4.2428117,4.6546946,4.862976,6.6341977,5.119443,5.4934106,3.9578512,4.811767,4.844275,5.3568535,5.128952,4.396579,4.802778,6.0081787,6.051929,5.187198,2.7456193,4.8764887,5.856167,4.49204,6.10765,6.2873588,4.38795,6.283079,4.758913,4.3531256,3.9296396,4.8668175,2.6241744,5.242135,5.0823736,5.086851,5.6256046,4.337504,4.679429,4.822719,4.861213,3.2733622,5.1270576,5.399327,5.1580744,7.1941595,6.8070726,5.099222,4.920848,6.027912,5.8461847,4.4476423,4.583845,2.9984796,5.14431
TCGA-44-7672-01,4.155898,6.6643896,6.8260856,6.847237,4.5159,4.0282974,6.509264,5.318238,6.164538,5.820873,6.642481,2.7169342,2.7210517,6.9235024,4.302732,6.481319,5.859634,7.545539,2.7800727,3.327729,5.7254133,4.572318,5.245729,2.4934916,4.70923,4.669806,5.4939137,6.342882,6.402186,5.321696,7.295574,5.3948455,4.155154,3.8356636,6.159092,4.2564297,5.3764515,5.6684384,4.4547815,6.6463327,5.1921744,6.303375,6.258869,5.511487,4.5505705,5.187775,4.16395,5.7249274,4.2280455,4.1344533,6.4995112,3.627453,4.7596545,6.38802,5.412494,5.2422605,3.795374,4.381727,3.254945,5.179687,4.922653,3.8755083,4.1665163,5.6787624,6.5236235,4.283303,5.1337852,5.520566,4.9456043,4.411037,5.0400558,6.131055,5.544468,4.164868,3.8023312,6.005235,3.46637,4.2516603,4.6354,4.8506904,6.629517,5.1092567,5.487036,3.9672947,4.803059,4.8459234,5.3602276,5.142592,4.3970284,4.8161564,6.0169353,6.038853,5.1635704,2.7468915,4.8755646,5.85964,4.4967184,6.0971546,6.2919636,4.390658,6.2371154,4.7567554,4.3564363,3.9518163,4.8481917,2.620186,5.2436686,5.0847692,5.0691557,5.646864,4.322629,4.672385,4.8109097,4.8590274,3.2586415,5.116449,5.3860545,5.1500397,7.1885295,6.8048477,5.095187,4.9247923,6.025671,5.8362803,4.4496965,4.5526085,3.003775,5.148305
TCGA-62-A46S-01,4.7496877,6.6322627,6.6221023,7.393342,4.5544043,3.9543235,6.5764766,5.3791666,6.1774178,5.4824424,6.648444,2.689866,2.7297158,7.005687,4.396273,6.4845414,5.8405323,7.6286764,2.880402,3.2880454,6.009354,4.577573,5.459457,2.521883,4.6574817,4.8115315,5.4703007,6.1700115,6.193899,5.3109083,7.191685,5.3897862,3.9736264,3.584788,6.333169,4.4501977,5.455866,5.551392,4.112011,6.4939785,5.5389853,6.357995,6.192942,5.4589705,4.5583997,5.194123,4.476405,5.824046,3.986979,3.9861894,6.1406593,3.5639436,4.9670086,6.496252,5.441402,5.095649,3.7023478,4.565672,3.4429462,5.0522633,4.4887905,3.9984818,4.2728653,5.6335382,6.5919323,4.2426324,5.1234813,5.5168896,5.04675,4.149233,5.0416574,6.497753,5.6957273,4.140873,3.9477012,6.2461557,3.4556818,4.2598414,4.7412214,4.6133566,6.6925387,4.6781845,5.3388176,3.7722385,4.71075,4.5246305,5.150548,5.1899276,4.1832075,4.7778854,6.098104,6.083212,5.266971,2.9495656,5.015685,5.9601426,4.576224,6.072496,6.2925696,4.5036044,6.2673154,4.6342554,4.2898626,3.9095654,4.986228,2.4798958,5.2723017,5.035148,5.2237983,5.753397,4.2370715,4.6560483,4.876911,4.7465997,3.167384,5.0064373,5.4531274,4.918689,7.3316884,6.879677,5.1904416,4.722908,5.986057,5.846179,4.3962317,4.3578796,3.015781,5.1189313
TCGA-44-A4SU-01,5.0682178,6.5341783,6.6312456,7.313742,4.6962376,3.9131365,6.5514064,5.437859,6.170648,5.401365,6.649526,2.6977081,2.8812034,7.0446687,4.427196,6.503445,5.8038483,7.655404,2.9220312,3.2964716,6.0588484,4.6113925,5.5304637,2.5149882,4.6360493,4.9050055,5.486893,6.1421146,6.098479,5.5583477,7.156868,5.3887515,4.0030584,3.4866683,6.3337398,4.5110044,5.374292,5.5159736,4.046772,6.4138904,5.6449723,6.3604093,6.1116815,5.3956456,4.5454707,5.1903625,4.647079,5.835844,3.9575477,3.8786302,6.04922,3.545634,4.994335,6.55653,5.4527984,5.059919,3.7409353,4.558092,3.5141208,4.9445453,4.5627227,4.0218334,4.3295503,5.589812,6.5995374,4.216654,5.0947075,5.512418,5.1599646,4.071991,4.9836316,6.5255494,5.7101483,4.0166564,4.050199,6.203645,3.4859498,4.2705426,4.7673097,4.575057,6.687658,4.592105,5.2057996,3.7121148,4.6991606,4.4813066,5.051641,5.1883397,4.1678805,4.7928677,6.094593,6.0809836,5.3054795,3.0056338,5.0761476,5.984282,4.5824137,6.0731606,6.295275,4.54178,6.2302694,4.5830455,4.2717915,3.9395523,5.044799,2.413676,5.3044605,5.0128202,5.228139,5.7903867,4.221107,4.6353874,4.9024816,4.6816807,3.1305006,4.956857,5.4797983,4.808452,7.3809533,6.904632,5.2387595,4.644307,5.953203,5.8768597,4.3793325,4.280707,3.048016,5.089565
TCGA-97-A4LX-01,4.712271,6.5847006,6.7114367,7.1134443,4.608159,3.9483442,6.5240965,5.3805895,6.174932,5.5638084,6.641185,2.6734495,2.8386147,7.016885,4.375005,6.499599,5.82471,7.6094136,2.8783658,3.3175611,5.9420195,4.590185,5.435314,2.5014532,4.6537285,4.8118825,5.4893293,6.204476,6.2484775,5.453966,7.202373,5.367527,4.063337,3.613517,6.2669096,4.4243484,5.4020905,5.5714493,4.1947627,6.5059094,5.4770913,6.3433847,6.1706285,5.4651484,4.5418787,5.181466,4.482191,5.7895274,4.0407968,3.96723,6.2067447,3.58986,4.902451,6.496439,5.432165,5.0953736,3.7664177,4.49008,3.4235752,5.0243917,4.699456,3.945722,4.263126,5.6073704,6.576329,4.233546,5.098236,5.521827,5.0793943,4.187182,4.992422,6.3948584,5.668591,4.084426,3.9550753,6.1139574,3.4670982,4.2580595,4.727587,4.694061,6.666908,4.783215,5.3194814,3.8087924,4.74958,4.6084423,5.176711,5.16377,4.2475142,4.803419,6.0763135,6.086302,5.2508707,2.9049752,5.0150723,5.9319015,4.549409,6.091596,6.296087,4.4870057,6.2687225,4.6585913,4.2859073,3.9557338,4.982597,2.4822288,5.294211,5.0249796,5.1691494,5.764978,4.262966,4.6542087,4.869498,4.753516,3.177875,5.0156755,5.4653416,4.9328156,7.3151846,6.8733444,5.1863775,4.739747,5.9815674,5.8630652,4.4116306,4.40873,3.0336199,5.1037693
TCGA-62-A46Y-01,6.409004,6.803342,6.3472013,7.6137466,5.235802,3.968174,6.388249,5.719257,6.1660438,4.485915,6.5906157,2.8092668,3.6400144,7.219538,4.660701,6.6148467,5.674789,7.633985,2.9548993,3.2897217,6.609946,4.6546226,5.751493,2.4362738,4.535224,5.0458245,5.5132823,5.883697,5.444309,6.4388075,6.7429175,5.418142,3.934414,3.1107914,6.1710334,4.729684,5.129595,5.3396997,3.5925834,6.0268025,6.1659255,6.4293995,5.6115503,4.9900737,4.5937715,4.93817,5.768495,5.866003,3.460772,3.27883,5.233307,3.4327996,4.990351,6.914105,5.2639985,4.80898,3.9405987,4.622458,3.780375,4.4829373,4.2128873,4.353103,4.393173,5.305417,6.691698,4.319713,4.987394,5.430112,5.4821,3.685907,4.92429,6.9556365,5.7786922,3.2025187,4.675035,6.217231,3.7526844,4.2783127,4.517158,4.575938,6.4834633,3.9799454,4.590835,3.5985146,4.6338286,4.1313972,4.492984,5.347643,3.9426982,4.777578,6.3711977,6.100735,5.2155604,3.2583194,5.413061,6.158684,4.8839583,6.0165772,6.257328,4.672682,5.6066847,4.5939913,4.3198867,4.020922,5.1880555,2.1580353,5.450269,4.8977203,5.367044,6.0340085,3.9928234,4.5475883,4.94399,4.4542956,2.8876588,4.844741,5.811476,4.2887964,7.5211163,6.98205,5.3304,4.407472,5.984804,5.9376636,4.4006977,3.5043857,3.0637703,5.0198655
TCGA-44-2665-01,5.0603433,6.5559583,6.6373153,7.2813125,4.6793714,3.8978527,6.5379114,5.4083605,6.172884,5.3731422,6.62822,2.6726985,2.9417942,7.070289,4.4153075,6.493029,5.8115244,7.650722,2.951832,3.2949486,6.0783634,4.6117644,5.5396986,2.502485,4.6201563,4.893984,5.489444,6.133664,6.151124,5.5527225,7.1459446,5.3664036,4.008961,3.4760647,6.307464,4.5359144,5.4268775,5.533427,4.038257,6.421865,5.671135,6.372997,6.1272206,5.425045,4.5582185,5.164563,4.6961594,5.8357224,3.9395301,3.88402,6.0309553,3.564517,4.9825926,6.5622606,5.436261,5.0195036,3.7384775,4.5638475,3.5387328,4.9455976,4.5733085,4.0027423,4.31577,5.572038,6.6041946,4.215994,5.0732145,5.515568,5.165118,4.055151,4.9588523,6.533926,5.735155,4.0113635,4.06406,6.1562004,3.4918718,4.272807,4.7798543,4.576019,6.6989217,4.5682116,5.2264423,3.7219894,4.714045,4.464035,5.068268,5.185048,4.154037,4.7946434,6.116931,6.1041903,5.2882414,3.0051703,5.0922127,5.977806,4.5885525,6.084648,6.3052664,4.538362,6.2639985,4.6008997,4.244787,3.9510021,5.051248,2.3933823,5.3221893,4.993334,5.2341886,5.820162,4.227405,4.6453934,4.8957267,4.692481,3.1276004,4.9462047,5.509194,4.807039,7.3797045,6.9113865,5.228765,4.6423464,5.957634,5.865615,4.3831377,4.2881894,3.045533,5.083691
TCGA-55-7994-01,3.857156,6.6615753,6.989857,6.4058075,4.6282463,4.145619,6.428242,5.229636,6.1951795,6.1576824,6.511923,2.7830389,2.9125228,6.866442,4.2159925,6.4663053,5.870025,7.5561285,2.7489,3.2215698,5.384384,4.5740952,5.1525908,2.3749554,4.748073,4.538234,5.3308563,6.507981,6.450394,5.4248633,7.3397274,5.424313,4.62514,4.0761375,5.9109564,4.0903597,5.0573206,5.829842,4.736835,6.51919,5.087716,6.284967,6.2350383,5.523174,4.697985,4.9473343,4.1802998,5.693932,4.555309,4.538091,6.8789406,3.660145,4.5066595,6.431876,5.2444024,5.3547025,3.9634109,4.335445,3.294831,5.1407185,5.207097,4.023735,4.0195546,5.7098665,6.5340943,4.3717012,5.0761447,5.471256,4.9684343,4.600094,4.843622,5.660601,5.2408843,4.028026,3.8490005,5.538133,3.7219236,4.427659,4.3977633,4.849175,6.5278616,5.2288227,5.5326943,4.1675544,4.756445,5.189956,5.4850454,5.1735644,4.600042,4.9746137,5.977867,5.9625072,4.9559517,2.7603629,4.7709394,5.7841983,4.387461,6.0899115,6.2625017,4.340887,5.8710375,4.7167044,4.3329935,4.1448092,4.605848,2.6240528,5.2373214,5.1204324,4.7786984,5.6054773,4.3226805,4.6508813,4.6598306,4.9416404,3.234479,5.076493,5.165758,5.259167,6.992174,6.7699533,4.9708457,5.1198583,6.0043244,5.696059,4.438622,4.4212847,3.067022,5.149984
TCGA-17-Z044-01,4.483602,6.6105084,6.649185,7.2687893,4.510663,3.9567559,6.5923877,5.386579,6.192696,5.582953,6.67745,2.6738713,2.6339648,6.966226,4.3769717,6.4942436,5.8560104,7.59827,2.8362055,3.318419,5.959291,4.5429664,5.397261,2.508864,4.6799083,4.7972703,5.495742,6.203168,6.2623634,5.2696834,7.2192426,5.388974,3.977809,3.6395369,6.3487277,4.3943076,5.429278,5.553171,4.1853905,6.55089,5.424537,6.3380938,6.2214365,5.4970694,4.533739,5.251884,4.347186,5.8066063,4.012747,3.9889355,6.2651215,3.5872822,4.9514866,6.457729,5.452132,5.142553,3.7348115,4.52621,3.350391,5.110603,4.634747,3.9467132,4.26521,5.640277,6.567154,4.232196,5.1635013,5.5415907,5.016061,4.2271047,5.0803514,6.4536376,5.663662,4.1983304,3.8722346,6.258878,3.3971403,4.2365246,4.732123,4.707649,6.680888,4.7934594,5.3835673,3.8079944,4.7414885,4.610173,5.198235,5.1738997,4.252088,4.778105,6.0791473,6.100227,5.279683,2.8798428,4.976802,5.935721,4.5701895,6.088679,6.2869253,4.479887,6.324307,4.669603,4.311845,3.908017,4.972696,2.5348077,5.252723,5.0485077,5.217407,5.7282267,4.256203,4.664986,4.8792057,4.762005,3.2028582,5.0488596,5.4589314,4.9869194,7.3315797,6.8510127,5.1784716,4.7541437,6.008973,5.8590283,4.4128094,4.4670234,2.9981203,5.1310115
TCGA-55-8207-01,4.6149697,6.624177,6.7209997,7.0812664,4.6085043,3.9660661,6.526033,5.3573685,6.157471,5.572595,6.627044,2.7113621,2.8359206,7.0018578,4.362843,6.4855,5.827642,7.606051,2.8665097,3.3115451,5.9088755,4.601174,5.404264,2.5173273,4.6627507,4.7827883,5.488931,6.235928,6.2567935,5.455016,7.217604,5.385384,4.065815,3.645648,6.2280865,4.400179,5.412288,5.603576,4.2364783,6.526511,5.4597487,6.3338795,6.186736,5.4467893,4.5557375,5.16563,4.459624,5.779982,4.0808992,4.0000787,6.2278614,3.5806766,4.86651,6.481023,5.4222307,5.1221395,3.7568667,4.4788756,3.4064338,5.0581255,4.7354875,3.9435413,4.2438297,5.63642,6.568829,4.265971,5.0886416,5.5086246,5.0581694,4.2198377,4.995357,6.349173,5.6445346,4.0689044,3.9558008,6.0839005,3.4845853,4.2659135,4.7094774,4.7012644,6.668671,4.8399873,5.3436418,3.8342793,4.756753,4.64152,5.2052307,5.1654644,4.2539415,4.796607,6.065538,6.06332,5.219021,2.8921618,4.986046,5.932802,4.541649,6.0878005,6.30402,4.466904,6.244817,4.67757,4.3075557,3.9350765,4.944799,2.5039124,5.281373,5.044861,5.1500216,5.7258067,4.2734704,4.6559973,4.849062,4.771203,3.1885169,5.028227,5.437496,4.9631763,7.282381,6.869164,5.1687703,4.7782736,5.989395,5.850463,4.4135327,4.393869,3.0301573,5.1132708
TCGA-MP-A4SW-01,4.8051405,6.5950246,6.654994,7.2715077,4.6011953,3.9395227,6.5503936,5.37851,6.1796274,5.4865665,6.6350365,2.6921349,2.811177,7.0265384,4.395899,6.501909,5.8333697,7.623085,2.8873975,3.3055966,5.988954,4.572136,5.4742913,2.4973822,4.649656,4.840106,5.462067,6.16562,6.2057676,5.4009657,7.171511,5.378355,4.0361695,3.5816665,6.2981997,4.458842,5.433486,5.554454,4.1235633,6.465711,5.559563,6.350527,6.164658,5.4513693,4.5586076,5.162694,4.5401006,5.80804,3.99109,3.970041,6.150978,3.5824409,4.9376974,6.5203915,5.4087315,5.064324,3.7477229,4.557038,3.4551585,5.0131955,4.583124,3.984489,4.2766824,5.604341,6.59555,4.2395177,5.092247,5.517735,5.098812,4.1379375,4.993576,6.472104,5.694941,4.093455,3.9825873,6.16624,3.4664857,4.270008,4.7282734,4.6257005,6.670307,4.686489,5.3145623,3.7820373,4.721235,4.5308056,5.147079,5.1904674,4.203565,4.782188,6.105954,6.1015368,5.2644563,2.9563854,5.0350347,5.9618397,4.5736866,6.0790577,6.3072834,4.511434,6.262183,4.635933,4.281449,3.9462698,4.9988976,2.4636705,5.2843285,5.0178,5.1883793,5.7990417,4.233874,4.6444917,4.8657594,4.7333913,3.1498895,4.995509,5.4675455,4.8893237,7.333371,6.886244,5.193856,4.7111516,5.986571,5.8502164,4.4001603,4.345427,3.0324078,5.1042724
